 26
** Atomic data from version 5.2 of the CHIANTI database **
%energy levels:  Martin, W. C., Sugar, J., Musgrove, A., and Dalton, G. R., 1995, 
  NIST Database for Atomic Spectroscopy, Version 1.0, NIST Standard Reference Database 61.
%Theoretical energy levels: Zhang, Sampson, ADNDT, 1992 , 52, 143
%produced as part of the Arcetri/Cambridge/NRL 'CHIANTI' atomic data base collaboration
%
% E. Landi and K.P.Dere 1995
%energy levels: Martin, W.C., Sugar, J., Musgrove, A., Dalton, G.R., 1995, 
    NIST Database for Atomic Spectroscopy, Version 1.0, NIST Standard Reference Database 61.
%Allowed transitions oscillator strengths: Zhang, Sampson, ADNDT, 1992 , 52, 143
%comment: transitions 1-4, 3-4, 3-10 have been interpolated from
    the data of Be-like ions in Muhlethaler, Nussbaumer, A&A, 1976, 48, 109
%produced as part of the Arcetri/Cambridge/NRL 'CHIANTI' atomic data base collaboration
%
% E. Landi 1995

%filename: al_10.splups
%Effective collision strengths: Keenan et al., 1986, Physica Scripta 34, 216
%Allowed transitions oscillator strengths: Zhang, Sampson, ADNDT, 1992 , 52, 143
%comment: Have derived the upsilon data from Table V of Keenan et al.
   The Delta-E's have been taken from the observed values in the .elvlc
   file. The gf values are from the .wgfa file.
   The upsilons have been created for logT=6.1+-0.8 in 0.1 dex intervals.
%produced as part of the Arcetri/Cambridge/NRL 'CHIANTI' atomic data base collaboration
%
% E. Landi Feb 2001
10 23 0
  1  2s2 1S0
  2  2s.2p 3P0
  3  2s.2p 3P1
  4  2s.2p 3P2
  5  2s.2p 1P1
  6  2p2 3P0
  7  2p2 3P1
  8  2p2 3P2
  9  2p2 1D2
 10  2p2 1S0
     100.0
     158.5
     251.2
     398.1
     631.0
    1000.0
    1584.9
    2511.9
    3981.1
    6309.6
   10000.0
   15848.9
   25118.9
   39810.7
   63095.8
  100000.0
  158489.2
  251188.7
  398107.1
  630957.6
 1000000.0
 1584892.5
 2511887.0
0
  1  2   1.57e-02
  0  0   1.57e-02
  0  0   1.57e-02
  0  0   1.57e-02
  0  0   1.57e-02
  0  0   1.57e-02
  0  0   1.57e-02
  0  0   1.57e-02
  0  0   1.57e-02
  0  0   1.56e-02
  0  0   1.55e-02
  0  0   1.54e-02
  0  0   1.52e-02
  0  0   1.48e-02
  0  0   1.44e-02
  0  0   1.36e-02
  0  0   1.26e-02
  0  0   1.12e-02
  0  0   9.77e-03
  0  0   8.44e-03
  0  0   7.22e-03
  0  0   6.06e-03
  0  0   5.01e-03
  1  3   4.64e-02
  0  0   4.64e-02
  0  0   4.64e-02
  0  0   4.64e-02
  0  0   4.64e-02
  0  0   4.64e-02
  0  0   4.63e-02
  0  0   4.63e-02
  0  0   4.62e-02
  0  0   4.60e-02
  0  0   4.58e-02
  0  0   4.55e-02
  0  0   4.49e-02
  0  0   4.40e-02
  0  0   4.27e-02
  0  0   4.06e-02
  0  0   3.77e-02
  0  0   3.36e-02
  0  0   2.93e-02
  0  0   2.54e-02
  0  0   2.17e-02
  0  0   1.82e-02
  0  0   1.50e-02
  1  4   7.86e-02
  0  0   7.86e-02
  0  0   7.86e-02
  0  0   7.86e-02
  0  0   7.86e-02
  0  0   7.85e-02
  0  0   7.85e-02
  0  0   7.83e-02
  0  0   7.82e-02
  0  0   7.79e-02
  0  0   7.75e-02
  0  0   7.68e-02
  0  0   7.57e-02
  0  0   7.41e-02
  0  0   7.17e-02
  0  0   6.80e-02
  0  0   6.27e-02
  0  0   5.59e-02
  0  0   4.89e-02
  0  0   4.23e-02
  0  0   3.61e-02
  0  0   3.03e-02
  0  0   2.50e-02
  1  5   1.18e+00
  0  0   1.18e+00
  0  0   1.18e+00
  0  0   1.18e+00
  0  0   1.18e+00
  0  0   1.18e+00
  0  0   1.18e+00
  0  0   1.18e+00
  0  0   1.18e+00
  0  0   1.18e+00
  0  0   1.18e+00
  0  0   1.18e+00
  0  0   1.18e+00
  0  0   1.18e+00
  0  0   1.18e+00
  0  0   1.18e+00
  0  0   1.19e+00
  0  0   1.20e+00
  0  0   1.22e+00
  0  0   1.27e+00
  0  0   1.33e+00
  0  0   1.41e+00
  0  0   1.51e+00
  1  6   2.68e-04
  0  0   2.68e-04
  0  0   2.68e-04
  0  0   2.68e-04
  0  0   2.68e-04
  0  0   2.68e-04
  0  0   2.68e-04
  0  0   2.68e-04
  0  0   2.68e-04
  0  0   2.67e-04
  0  0   2.67e-04
  0  0   2.66e-04
  0  0   2.65e-04
  0  0   2.64e-04
  0  0   2.61e-04
  0  0   2.58e-04
  0  0   2.52e-04
  0  0   2.44e-04
  0  0   2.32e-04
  0  0   2.15e-04
  0  0   1.93e-04
  0  0   1.68e-04
  0  0   1.43e-04
  1  7   8.05e-04
  0  0   8.05e-04
  0  0   8.05e-04
  0  0   8.04e-04
  0  0   8.04e-04
  0  0   8.04e-04
  0  0   8.04e-04
  0  0   8.04e-04
  0  0   8.03e-04
  0  0   8.02e-04
  0  0   8.01e-04
  0  0   7.99e-04
  0  0   7.96e-04
  0  0   7.92e-04
  0  0   7.84e-04
  0  0   7.73e-04
  0  0   7.56e-04
  0  0   7.31e-04
  0  0   6.95e-04
  0  0   6.44e-04
  0  0   5.78e-04
  0  0   5.05e-04
  0  0   4.28e-04
  1  8   1.34e-03
  0  0   1.34e-03
  0  0   1.34e-03
  0  0   1.34e-03
  0  0   1.34e-03
  0  0   1.34e-03
  0  0   1.34e-03
  0  0   1.34e-03
  0  0   1.34e-03
  0  0   1.34e-03
  0  0   1.34e-03
  0  0   1.33e-03
  0  0   1.33e-03
  0  0   1.32e-03
  0  0   1.31e-03
  0  0   1.29e-03
  0  0   1.26e-03
  0  0   1.22e-03
  0  0   1.16e-03
  0  0   1.07e-03
  0  0   9.63e-04
  0  0   8.42e-04
  0  0   7.14e-04
  1  9   1.51e-02
  0  0   1.51e-02
  0  0   1.51e-02
  0  0   1.51e-02
  0  0   1.51e-02
  0  0   1.51e-02
  0  0   1.51e-02
  0  0   1.51e-02
  0  0   1.51e-02
  0  0   1.51e-02
  0  0   1.51e-02
  0  0   1.50e-02
  0  0   1.49e-02
  0  0   1.48e-02
  0  0   1.47e-02
  0  0   1.45e-02
  0  0   1.41e-02
  0  0   1.38e-02
  0  0   1.34e-02
  0  0   1.30e-02
  0  0   1.26e-02
  0  0   1.24e-02
  0  0   1.21e-02
  1 10   4.67e-03
  0  0   4.67e-03
  0  0   4.67e-03
  0  0   4.67e-03
  0  0   4.67e-03
  0  0   4.67e-03
  0  0   4.67e-03
  0  0   4.67e-03
  0  0   4.67e-03
  0  0   4.67e-03
  0  0   4.67e-03
  0  0   4.67e-03
  0  0   4.67e-03
  0  0   4.67e-03
  0  0   4.67e-03
  0  0   4.67e-03
  0  0   4.67e-03
  0  0   4.67e-03
  0  0   4.65e-03
  0  0   4.62e-03
  0  0   4.54e-03
  0  0   4.44e-03
  0  0   4.32e-03
  2  3   4.04e-01
  0  0   4.04e-01
  0  0   4.04e-01
  0  0   4.04e-01
  0  0   4.03e-01
  0  0   4.03e-01
  0  0   4.03e-01
  0  0   4.02e-01
  0  0   4.01e-01
  0  0   3.99e-01
  0  0   3.96e-01
  0  0   3.91e-01
  0  0   3.83e-01
  0  0   3.71e-01
  0  0   3.54e-01
  0  0   3.28e-01
  0  0   2.94e-01
  0  0   2.51e-01
  0  0   2.06e-01
  0  0   1.65e-01
  0  0   1.30e-01
  0  0   9.96e-02
  0  0   7.51e-02
  2  4   4.35e-01
  0  0   4.34e-01
  0  0   4.34e-01
  0  0   4.34e-01
  0  0   4.34e-01
  0  0   4.34e-01
  0  0   4.33e-01
  0  0   4.32e-01
  0  0   4.31e-01
  0  0   4.29e-01
  0  0   4.25e-01
  0  0   4.20e-01
  0  0   4.11e-01
  0  0   3.98e-01
  0  0   3.78e-01
  0  0   3.47e-01
  0  0   3.03e-01
  0  0   2.47e-01
  0  0   1.94e-01
  0  0   1.50e-01
  0  0   1.15e-01
  0  0   8.85e-02
  0  0   6.91e-02
  2  5   4.14e-02
  0  0   4.14e-02
  0  0   4.14e-02
  0  0   4.14e-02
  0  0   4.14e-02
  0  0   4.13e-02
  0  0   4.13e-02
  0  0   4.12e-02
  0  0   4.11e-02
  0  0   4.09e-02
  0  0   4.07e-02
  0  0   4.02e-02
  0  0   3.96e-02
  0  0   3.85e-02
  0  0   3.70e-02
  0  0   3.46e-02
  0  0   3.13e-02
  0  0   2.69e-02
  0  0   2.25e-02
  0  0   1.91e-02
  0  0   1.60e-02
  0  0   1.35e-02
  0  0   1.12e-02
  2  6   5.12e-03
  0  0   5.12e-03
  0  0   5.12e-03
  0  0   5.12e-03
  0  0   5.12e-03
  0  0   5.12e-03
  0  0   5.12e-03
  0  0   5.12e-03
  0  0   5.11e-03
  0  0   5.11e-03
  0  0   5.11e-03
  0  0   5.10e-03
  0  0   5.09e-03
  0  0   5.07e-03
  0  0   5.04e-03
  0  0   4.99e-03
  0  0   4.92e-03
  0  0   4.80e-03
  0  0   4.60e-03
  0  0   4.29e-03
  0  0   3.89e-03
  0  0   3.46e-03
  0  0   2.98e-03
  2  7   6.06e-01
  0  0   6.06e-01
  0  0   6.06e-01
  0  0   6.06e-01
  0  0   6.06e-01
  0  0   6.06e-01
  0  0   6.06e-01
  0  0   6.06e-01
  0  0   6.06e-01
  0  0   6.06e-01
  0  0   6.06e-01
  0  0   6.06e-01
  0  0   6.06e-01
  0  0   6.07e-01
  0  0   6.07e-01
  0  0   6.09e-01
  0  0   6.12e-01
  0  0   6.17e-01
  0  0   6.28e-01
  0  0   6.47e-01
  0  0   6.75e-01
  0  0   7.12e-01
  0  0   7.56e-01
  2  8   6.92e-03
  0  0   6.92e-03
  0  0   6.92e-03
  0  0   6.92e-03
  0  0   6.92e-03
  0  0   6.92e-03
  0  0   6.92e-03
  0  0   6.92e-03
  0  0   6.91e-03
  0  0   6.91e-03
  0  0   6.90e-03
  0  0   6.89e-03
  0  0   6.87e-03
  0  0   6.84e-03
  0  0   6.79e-03
  0  0   6.71e-03
  0  0   6.60e-03
  0  0   6.43e-03
  0  0   6.17e-03
  0  0   5.79e-03
  0  0   5.27e-03
  0  0   4.66e-03
  0  0   4.02e-03
  2  9   1.17e-02
  0  0   1.17e-02
  0  0   1.17e-02
  0  0   1.17e-02
  0  0   1.17e-02
  0  0   1.17e-02
  0  0   1.17e-02
  0  0   1.17e-02
  0  0   1.17e-02
  0  0   1.17e-02
  0  0   1.16e-02
  0  0   1.16e-02
  0  0   1.16e-02
  0  0   1.16e-02
  0  0   1.15e-02
  0  0   1.14e-02
  0  0   1.13e-02
  0  0   1.10e-02
  0  0   1.06e-02
  0  0   9.92e-03
  0  0   9.00e-03
  0  0   8.00e-03
  0  0   6.92e-03
  2 10   1.33e-03
  0  0   1.33e-03
  0  0   1.33e-03
  0  0   1.33e-03
  0  0   1.33e-03
  0  0   1.33e-03
  0  0   1.33e-03
  0  0   1.33e-03
  0  0   1.33e-03
  0  0   1.33e-03
  0  0   1.33e-03
  0  0   1.33e-03
  0  0   1.33e-03
  0  0   1.33e-03
  0  0   1.32e-03
  0  0   1.32e-03
  0  0   1.31e-03
  0  0   1.29e-03
  0  0   1.25e-03
  0  0   1.19e-03
  0  0   1.09e-03
  0  0   9.76e-04
  0  0   8.49e-04
  3  4   1.41e+00
  0  0   1.41e+00
  0  0   1.41e+00
  0  0   1.41e+00
  0  0   1.41e+00
  0  0   1.41e+00
  0  0   1.41e+00
  0  0   1.40e+00
  0  0   1.40e+00
  0  0   1.39e+00
  0  0   1.38e+00
  0  0   1.37e+00
  0  0   1.34e+00
  0  0   1.30e+00
  0  0   1.24e+00
  0  0   1.15e+00
  0  0   1.02e+00
  0  0   8.54e-01
  0  0   6.89e-01
  0  0   5.46e-01
  0  0   4.24e-01
  0  0   3.26e-01
  0  0   2.49e-01
  3  5   1.22e-01
  0  0   1.22e-01
  0  0   1.22e-01
  0  0   1.22e-01
  0  0   1.22e-01
  0  0   1.22e-01
  0  0   1.22e-01
  0  0   1.22e-01
  0  0   1.21e-01
  0  0   1.21e-01
  0  0   1.20e-01
  0  0   1.19e-01
  0  0   1.17e-01
  0  0   1.14e-01
  0  0   1.10e-01
  0  0   1.03e-01
  0  0   9.36e-02
  0  0   8.12e-02
  0  0   6.76e-02
  0  0   5.70e-02
  0  0   4.82e-02
  0  0   4.04e-02
  0  0   3.37e-02
  3  6   5.98e-01
  0  0   5.98e-01
  0  0   5.98e-01
  0  0   5.98e-01
  0  0   5.98e-01
  0  0   5.98e-01
  0  0   5.98e-01
  0  0   5.98e-01
  0  0   5.98e-01
  0  0   5.98e-01
  0  0   5.98e-01
  0  0   5.99e-01
  0  0   5.99e-01
  0  0   5.99e-01
  0  0   6.00e-01
  0  0   6.02e-01
  0  0   6.05e-01
  0  0   6.11e-01
  0  0   6.22e-01
  0  0   6.42e-01
  0  0   6.71e-01
  0  0   7.09e-01
  0  0   7.55e-01
  3  7   4.71e-01
  0  0   4.71e-01
  0  0   4.71e-01
  0  0   4.71e-01
  0  0   4.71e-01
  0  0   4.71e-01
  0  0   4.71e-01
  0  0   4.71e-01
  0  0   4.71e-01
  0  0   4.71e-01
  0  0   4.71e-01
  0  0   4.72e-01
  0  0   4.72e-01
  0  0   4.72e-01
  0  0   4.73e-01
  0  0   4.74e-01
  0  0   4.76e-01
  0  0   4.80e-01
  0  0   4.89e-01
  0  0   5.04e-01
  0  0   5.27e-01
  0  0   5.57e-01
  0  0   5.93e-01
  3  8   7.60e-01
  0  0   7.60e-01
  0  0   7.60e-01
  0  0   7.60e-01
  0  0   7.60e-01
  0  0   7.60e-01
  0  0   7.60e-01
  0  0   7.60e-01
  0  0   7.60e-01
  0  0   7.61e-01
  0  0   7.61e-01
  0  0   7.61e-01
  0  0   7.62e-01
  0  0   7.63e-01
  0  0   7.65e-01
  0  0   7.68e-01
  0  0   7.73e-01
  0  0   7.82e-01
  0  0   7.99e-01
  0  0   8.28e-01
  0  0   8.71e-01
  0  0   9.27e-01
  0  0   9.95e-01
  3  9   3.50e-02
  0  0   3.50e-02
  0  0   3.50e-02
  0  0   3.50e-02
  0  0   3.50e-02
  0  0   3.50e-02
  0  0   3.50e-02
  0  0   3.50e-02
  0  0   3.50e-02
  0  0   3.49e-02
  0  0   3.49e-02
  0  0   3.49e-02
  0  0   3.48e-02
  0  0   3.47e-02
  0  0   3.45e-02
  0  0   3.42e-02
  0  0   3.37e-02
  0  0   3.30e-02
  0  0   3.18e-02
  0  0   2.97e-02
  0  0   2.71e-02
  0  0   2.40e-02
  0  0   2.07e-02
  4  5   2.07e-01
  0  0   2.07e-01
  0  0   2.07e-01
  0  0   2.07e-01
  0  0   2.07e-01
  0  0   2.07e-01
  0  0   2.07e-01
  0  0   2.06e-01
  0  0   2.06e-01
  0  0   2.05e-01
  0  0   2.03e-01
  0  0   2.01e-01
  0  0   1.98e-01
  0  0   1.93e-01
  0  0   1.85e-01
  0  0   1.73e-01
  0  0   1.56e-01
  0  0   1.34e-01
  0  0   1.13e-01
  0  0   9.52e-02
  0  0   8.02e-02
  0  0   6.74e-02
  0  0   5.61e-02
  4  6   6.90e-03
  0  0   6.90e-03
  0  0   6.90e-03
  0  0   6.90e-03
  0  0   6.90e-03
  0  0   6.90e-03
  0  0   6.90e-03
  0  0   6.90e-03
  0  0   6.90e-03
  0  0   6.89e-03
  0  0   6.88e-03
  0  0   6.87e-03
  0  0   6.85e-03
  0  0   6.82e-03
  0  0   6.77e-03
  0  0   6.69e-03
  0  0   6.58e-03
  0  0   6.42e-03
  0  0   6.16e-03
  0  0   5.75e-03
  0  0   5.24e-03
  0  0   4.66e-03
  0  0   4.03e-03
  4  7   7.59e-01
  0  0   7.59e-01
  0  0   7.59e-01
  0  0   7.59e-01
  0  0   7.59e-01
  0  0   7.59e-01
  0  0   7.59e-01
  0  0   7.59e-01
  0  0   7.59e-01
  0  0   7.59e-01
  0  0   7.60e-01
  0  0   7.60e-01
  0  0   7.61e-01
  0  0   7.62e-01
  0  0   7.64e-01
  0  0   7.67e-01
  0  0   7.73e-01
  0  0   7.82e-01
  0  0   8.00e-01
  0  0   8.29e-01
  0  0   8.72e-01
  0  0   9.28e-01
  0  0   9.95e-01
  4  8   2.30e+00
  0  0   2.30e+00
  0  0   2.30e+00
  0  0   2.30e+00
  0  0   2.30e+00
  0  0   2.30e+00
  0  0   2.30e+00
  0  0   2.30e+00
  0  0   2.30e+00
  0  0   2.30e+00
  0  0   2.30e+00
  0  0   2.30e+00
  0  0   2.30e+00
  0  0   2.30e+00
  0  0   2.31e+00
  0  0   2.31e+00
  0  0   2.33e+00
  0  0   2.35e+00
  0  0   2.39e+00
  0  0   2.46e+00
  0  0   2.57e+00
  0  0   2.72e+00
  0  0   2.89e+00
  4  9   5.83e-02
  0  0   5.83e-02
  0  0   5.83e-02
  0  0   5.83e-02
  0  0   5.83e-02
  0  0   5.83e-02
  0  0   5.83e-02
  0  0   5.83e-02
  0  0   5.83e-02
  0  0   5.82e-02
  0  0   5.82e-02
  0  0   5.81e-02
  0  0   5.80e-02
  0  0   5.78e-02
  0  0   5.75e-02
  0  0   5.70e-02
  0  0   5.63e-02
  0  0   5.51e-02
  0  0   5.30e-02
  0  0   4.96e-02
  0  0   4.50e-02
  0  0   4.00e-02
  0  0   3.46e-02
  4 10   6.70e-03
  0  0   6.70e-03
  0  0   6.70e-03
  0  0   6.70e-03
  0  0   6.70e-03
  0  0   6.70e-03
  0  0   6.69e-03
  0  0   6.69e-03
  0  0   6.69e-03
  0  0   6.69e-03
  0  0   6.69e-03
  0  0   6.68e-03
  0  0   6.67e-03
  0  0   6.66e-03
  0  0   6.64e-03
  0  0   6.60e-03
  0  0   6.55e-03
  0  0   6.45e-03
  0  0   6.27e-03
  0  0   5.94e-03
  0  0   5.44e-03
  0  0   4.86e-03
  0  0   4.24e-03
  5  6   1.38e-02
  0  0   1.38e-02
  0  0   1.38e-02
  0  0   1.38e-02
  0  0   1.38e-02
  0  0   1.38e-02
  0  0   1.38e-02
  0  0   1.38e-02
  0  0   1.37e-02
  0  0   1.37e-02
  0  0   1.36e-02
  0  0   1.35e-02
  0  0   1.33e-02
  0  0   1.31e-02
  0  0   1.26e-02
  0  0   1.20e-02
  0  0   1.12e-02
  0  0   1.00e-02
  0  0   8.87e-03
  0  0   7.74e-03
  0  0   6.68e-03
  0  0   5.67e-03
  0  0   4.72e-03
  5  7   4.14e-02
  0  0   4.14e-02
  0  0   4.14e-02
  0  0   4.14e-02
  0  0   4.14e-02
  0  0   4.13e-02
  0  0   4.13e-02
  0  0   4.13e-02
  0  0   4.12e-02
  0  0   4.10e-02
  0  0   4.08e-02
  0  0   4.05e-02
  0  0   4.00e-02
  0  0   3.92e-02
  0  0   3.80e-02
  0  0   3.61e-02
  0  0   3.35e-02
  0  0   3.01e-02
  0  0   2.66e-02
  0  0   2.32e-02
  0  0   2.00e-02
  0  0   1.70e-02
  0  0   1.42e-02
  5  8   6.77e-02
  0  0   6.77e-02
  0  0   6.77e-02
  0  0   6.77e-02
  0  0   6.77e-02
  0  0   6.76e-02
  0  0   6.76e-02
  0  0   6.75e-02
  0  0   6.74e-02
  0  0   6.72e-02
  0  0   6.69e-02
  0  0   6.64e-02
  0  0   6.56e-02
  0  0   6.44e-02
  0  0   6.26e-02
  0  0   5.99e-02
  0  0   5.59e-02
  0  0   5.05e-02
  0  0   4.43e-02
  0  0   3.87e-02
  0  0   3.34e-02
  0  0   2.83e-02
  0  0   2.36e-02
  5  9   3.23e+00
  0  0   3.23e+00
  0  0   3.23e+00
  0  0   3.23e+00
  0  0   3.23e+00
  0  0   3.23e+00
  0  0   3.23e+00
  0  0   3.23e+00
  0  0   3.23e+00
  0  0   3.23e+00
  0  0   3.24e+00
  0  0   3.24e+00
  0  0   3.25e+00
  0  0   3.25e+00
  0  0   3.27e+00
  0  0   3.29e+00
  0  0   3.32e+00
  0  0   3.36e+00
  0  0   3.44e+00
  0  0   3.55e+00
  0  0   3.71e+00
  0  0   3.92e+00
  0  0   4.18e+00
  6  7   1.08e-01
  0  0   1.08e-01
  0  0   1.08e-01
  0  0   1.08e-01
  0  0   1.08e-01
  0  0   1.08e-01
  0  0   1.08e-01
  0  0   1.08e-01
  0  0   1.08e-01
  0  0   1.08e-01
  0  0   1.07e-01
  0  0   1.07e-01
  0  0   1.06e-01
  0  0   1.05e-01
  0  0   1.03e-01
  0  0   1.01e-01
  0  0   9.66e-02
  0  0   9.12e-02
  0  0   8.44e-02
  0  0   7.70e-02
  0  0   6.90e-02
  0  0   6.05e-02
  0  0   5.18e-02
  6  8   6.64e-02
  0  0   6.64e-02
  0  0   6.64e-02
  0  0   6.64e-02
  0  0   6.64e-02
  0  0   6.64e-02
  0  0   6.63e-02
  0  0   6.63e-02
  0  0   6.62e-02
  0  0   6.61e-02
  0  0   6.59e-02
  0  0   6.56e-02
  0  0   6.51e-02
  0  0   6.44e-02
  0  0   6.33e-02
  0  0   6.17e-02
  0  0   5.94e-02
  0  0   5.65e-02
  0  0   5.33e-02
  0  0   5.03e-02
  0  0   4.79e-02
  0  0   4.57e-02
  0  0   4.39e-02
  6  9   4.90e-02
  0  0   4.90e-02
  0  0   4.90e-02
  0  0   4.90e-02
  0  0   4.90e-02
  0  0   4.90e-02
  0  0   4.90e-02
  0  0   4.90e-02
  0  0   4.90e-02
  0  0   4.89e-02
  0  0   4.88e-02
  0  0   4.87e-02
  0  0   4.85e-02
  0  0   4.83e-02
  0  0   4.78e-02
  0  0   4.71e-02
  0  0   4.61e-02
  0  0   4.46e-02
  0  0   4.25e-02
  0  0   3.97e-02
  0  0   3.60e-02
  0  0   3.17e-02
  0  0   2.71e-02
  6 10   5.38e-03
  0  0   5.38e-03
  0  0   5.38e-03
  0  0   5.38e-03
  0  0   5.38e-03
  0  0   5.38e-03
  0  0   5.37e-03
  0  0   5.37e-03
  0  0   5.37e-03
  0  0   5.37e-03
  0  0   5.36e-03
  0  0   5.36e-03
  0  0   5.34e-03
  0  0   5.33e-03
  0  0   5.30e-03
  0  0   5.25e-03
  0  0   5.17e-03
  0  0   5.05e-03
  0  0   4.83e-03
  0  0   4.47e-03
  0  0   3.99e-03
  0  0   3.45e-03
  0  0   2.87e-03
  7  8   2.93e-01
  0  0   2.93e-01
  0  0   2.93e-01
  0  0   2.93e-01
  0  0   2.93e-01
  0  0   2.93e-01
  0  0   2.93e-01
  0  0   2.92e-01
  0  0   2.92e-01
  0  0   2.91e-01
  0  0   2.90e-01
  0  0   2.89e-01
  0  0   2.86e-01
  0  0   2.82e-01
  0  0   2.77e-01
  0  0   2.68e-01
  0  0   2.56e-01
  0  0   2.41e-01
  0  0   2.24e-01
  0  0   2.08e-01
  0  0   1.93e-01
  0  0   1.81e-01
  0  0   1.67e-01
  7  9   1.47e-01
  0  0   1.47e-01
  0  0   1.47e-01
  0  0   1.47e-01
  0  0   1.47e-01
  0  0   1.47e-01
  0  0   1.47e-01
  0  0   1.47e-01
  0  0   1.47e-01
  0  0   1.47e-01
  0  0   1.46e-01
  0  0   1.46e-01
  0  0   1.46e-01
  0  0   1.45e-01
  0  0   1.43e-01
  0  0   1.41e-01
  0  0   1.38e-01
  0  0   1.34e-01
  0  0   1.28e-01
  0  0   1.19e-01
  0  0   1.08e-01
  0  0   9.52e-02
  0  0   8.14e-02
  7 10   1.61e-02
  0  0   1.61e-02
  0  0   1.61e-02
  0  0   1.61e-02
  0  0   1.61e-02
  0  0   1.61e-02
  0  0   1.61e-02
  0  0   1.61e-02
  0  0   1.61e-02
  0  0   1.61e-02
  0  0   1.61e-02
  0  0   1.61e-02
  0  0   1.60e-02
  0  0   1.60e-02
  0  0   1.59e-02
  0  0   1.57e-02
  0  0   1.55e-02
  0  0   1.52e-02
  0  0   1.45e-02
  0  0   1.34e-02
  0  0   1.19e-02
  0  0   1.03e-02
  0  0   8.63e-03
  8  9   2.44e-01
  0  0   2.44e-01
  0  0   2.44e-01
  0  0   2.44e-01
  0  0   2.44e-01
  0  0   2.44e-01
  0  0   2.44e-01
  0  0   2.44e-01
  0  0   2.44e-01
  0  0   2.44e-01
  0  0   2.44e-01
  0  0   2.43e-01
  0  0   2.42e-01
  0  0   2.41e-01
  0  0   2.39e-01
  0  0   2.35e-01
  0  0   2.30e-01
  0  0   2.23e-01
  0  0   2.13e-01
  0  0   1.98e-01
  0  0   1.80e-01
  0  0   1.59e-01
  0  0   1.36e-01
  8 10   2.69e-02
  0  0   2.69e-02
  0  0   2.69e-02
  0  0   2.69e-02
  0  0   2.69e-02
  0  0   2.69e-02
  0  0   2.69e-02
  0  0   2.69e-02
  0  0   2.69e-02
  0  0   2.69e-02
  0  0   2.68e-02
  0  0   2.68e-02
  0  0   2.67e-02
  0  0   2.66e-02
  0  0   2.65e-02
  0  0   2.62e-02
  0  0   2.59e-02
  0  0   2.52e-02
  0  0   2.42e-02
  0  0   2.24e-02
  0  0   1.99e-02
  0  0   1.72e-02
  0  0   1.44e-02
  9 10   9.38e-02
  0  0   9.38e-02
  0  0   9.38e-02
  0  0   9.38e-02
  0  0   9.38e-02
  0  0   9.38e-02
  0  0   9.38e-02
  0  0   9.38e-02
  0  0   9.38e-02
  0  0   9.38e-02
  0  0   9.37e-02
  0  0   9.37e-02
  0  0   9.36e-02
  0  0   9.35e-02
  0  0   9.34e-02
  0  0   9.32e-02
  0  0   9.29e-02
  0  0   9.27e-02
  0  0   9.27e-02
  0  0   9.35e-02
  0  0   9.54e-02
  0  0   9.79e-02
  0  0   1.01e-01
 0 0 0
  1  2   0.000e+00
  1  3   1.652e+05
  1  4   1.738e-01
  1  5   5.974e+09
  1  6   0.000e+00
  1  7   0.000e+00
  1  8   0.000e+00
  1  9   0.000e+00
  1 10   0.000e+00
  2  3   0.000e+00
  2  4   0.000e+00
  2  5   0.000e+00
  2  6   0.000e+00
  2  7   1.631e+09
  2  8   0.000e+00
  2  9   0.000e+00
  2 10   0.000e+00
  3  4   1.560e+00
  3  5   0.000e+00
  3  6   4.672e+09
  3  7   1.197e+09
  3  8   1.249e+09
  3  9   7.219e+05
  3 10   1.177e+06
  4  5   0.000e+00
  4  6   0.000e+00
  4  7   1.903e+09
  4  8   3.561e+09
  4  9   1.845e+07
  4 10   0.000e+00
  5  6   2.752e+05
  5  7   2.188e+04
  5  8   7.568e+05
  5  9   9.948e+08
  5 10   9.649e+09
  6  7   0.000e+00
  6  8   0.000e+00
  6  9   0.000e+00
  6 10   0.000e+00
  7  8   0.000e+00
  7  9   0.000e+00
  7 10   0.000e+00
  8  9   0.000e+00
  8 10   0.000e+00
  9 10   0.000e+00
  1  1        0.0
  2  1   155148.0
  3  3   156798.0
  4  5   160429.0
  5  3   300490.0
  6  1   404574.0
  7  3   406517.0
  8  5   409690.0
  9  5   449732.0
 10  1   553783.0
