 20
** Atomic data from version 5.2 of the CHIANTI database **
%Observed energy levels: Edlen, 1984, Phys.Scripta, 30, 135
%Theoretical energy levels ground configuration: Merkelis et al, 1999, Physica Scripta, 59, 122
%Theoretical energy levels excited configurations: Merkelis et al, 1997, Physica Scripta, 56, 41
%produced as part of the Arcetri/Cambridge/NRL 'CHIANTI' atomic data base collaboration
%
% E. Landi - 2004
%Observed energy levels: Edlen, 1984, Phys.Scripta, 30, 135
%A values for transitions within the ground configuration: Merkelis et al, 1999, Physica Scripta, 59, 122
%A values for all other transitions: Merkelis et al, 1997, Physica Scripta, 56. 41
%produced as part of the Arcetri/Cambridge/NRL 'CHIANTI' atomic data base collaboration
%
% E.Landi - Oct 2004

%filename: cl_11.splups
%Oscillator strengths: Zhang & Sampson, 1999, ADNDT, 72, 153
%Collision strengths: Zhang & Sampson, 1999, ADNDT, 72, 153
%produced as part of the Arcetri/Cambridge/NRL 'CHIANTI' atomic data base collaboration
%
% E. Landi - Oct 2004
 5 23
  1  2s2.2p3 4S3/2
  2  2s2.2p3 2D3/2
  3  2s2.2p3 2D5/2
  4  2s2.2p3 2P1/2
  5  2s2.2p3 2P3/2
     100.0
     158.5
     251.2
     398.1
     631.0
    1000.0
    1584.9
    2511.9
    3981.1
    6309.6
   10000.0
   15848.9
   25118.9
   39810.7
   63095.8
  100000.0
  158489.2
  251188.7
  398107.1
  630957.6
 1000000.0
 1584892.5
 2511887.0
0
  1  2   1.04e-01
  0  0   1.04e-01
  0  0   1.04e-01
  0  0   1.04e-01
  0  0   1.04e-01
  0  0   1.04e-01
  0  0   1.04e-01
  0  0   1.04e-01
  0  0   1.04e-01
  0  0   1.04e-01
  0  0   1.03e-01
  0  0   1.03e-01
  0  0   1.02e-01
  0  0   1.01e-01
  0  0   9.99e-02
  0  0   9.76e-02
  0  0   9.42e-02
  0  0   8.92e-02
  0  0   8.24e-02
  0  0   7.37e-02
  0  0   6.38e-02
  0  0   5.31e-02
  0  0   4.25e-02
  1  3   1.52e-01
  0  0   1.52e-01
  0  0   1.52e-01
  0  0   1.52e-01
  0  0   1.52e-01
  0  0   1.52e-01
  0  0   1.52e-01
  0  0   1.51e-01
  0  0   1.51e-01
  0  0   1.51e-01
  0  0   1.51e-01
  0  0   1.50e-01
  0  0   1.49e-01
  0  0   1.48e-01
  0  0   1.46e-01
  0  0   1.43e-01
  0  0   1.38e-01
  0  0   1.31e-01
  0  0   1.21e-01
  0  0   1.08e-01
  0  0   9.34e-02
  0  0   7.82e-02
  0  0   6.28e-02
  1  4   3.47e-02
  0  0   3.47e-02
  0  0   3.47e-02
  0  0   3.47e-02
  0  0   3.47e-02
  0  0   3.47e-02
  0  0   3.47e-02
  0  0   3.46e-02
  0  0   3.46e-02
  0  0   3.45e-02
  0  0   3.44e-02
  0  0   3.43e-02
  0  0   3.40e-02
  0  0   3.37e-02
  0  0   3.31e-02
  0  0   3.22e-02
  0  0   3.09e-02
  0  0   2.91e-02
  0  0   2.66e-02
  0  0   2.36e-02
  0  0   2.00e-02
  0  0   1.63e-02
  0  0   1.26e-02
  1  5   6.66e-02
  0  0   6.66e-02
  0  0   6.66e-02
  0  0   6.66e-02
  0  0   6.66e-02
  0  0   6.66e-02
  0  0   6.65e-02
  0  0   6.65e-02
  0  0   6.64e-02
  0  0   6.63e-02
  0  0   6.61e-02
  0  0   6.58e-02
  0  0   6.54e-02
  0  0   6.46e-02
  0  0   6.36e-02
  0  0   6.19e-02
  0  0   5.95e-02
  0  0   5.61e-02
  0  0   5.14e-02
  0  0   4.53e-02
  0  0   3.84e-02
  0  0   3.15e-02
  0  0   2.47e-02
  2  3   1.98e-01
  0  0   1.98e-01
  0  0   1.98e-01
  0  0   1.98e-01
  0  0   1.98e-01
  0  0   1.98e-01
  0  0   1.98e-01
  0  0   1.98e-01
  0  0   1.98e-01
  0  0   1.98e-01
  0  0   1.97e-01
  0  0   1.97e-01
  0  0   1.95e-01
  0  0   1.94e-01
  0  0   1.91e-01
  0  0   1.87e-01
  0  0   1.81e-01
  0  0   1.72e-01
  0  0   1.60e-01
  0  0   1.44e-01
  0  0   1.26e-01
  0  0   1.06e-01
  0  0   8.79e-02
  2  4   6.02e-02
  0  0   6.02e-02
  0  0   6.02e-02
  0  0   6.02e-02
  0  0   6.02e-02
  0  0   6.02e-02
  0  0   6.02e-02
  0  0   6.02e-02
  0  0   6.02e-02
  0  0   6.02e-02
  0  0   6.02e-02
  0  0   6.02e-02
  0  0   6.02e-02
  0  0   6.02e-02
  0  0   6.02e-02
  0  0   6.03e-02
  0  0   6.03e-02
  0  0   6.04e-02
  0  0   6.05e-02
  0  0   6.08e-02
  0  0   6.13e-02
  0  0   6.24e-02
  0  0   6.45e-02
  2  5   8.59e-02
  0  0   8.59e-02
  0  0   8.59e-02
  0  0   8.59e-02
  0  0   8.59e-02
  0  0   8.58e-02
  0  0   8.58e-02
  0  0   8.58e-02
  0  0   8.58e-02
  0  0   8.57e-02
  0  0   8.57e-02
  0  0   8.55e-02
  0  0   8.53e-02
  0  0   8.50e-02
  0  0   8.45e-02
  0  0   8.38e-02
  0  0   8.26e-02
  0  0   8.08e-02
  0  0   7.83e-02
  0  0   7.49e-02
  0  0   7.11e-02
  0  0   6.80e-02
  0  0   6.64e-02
  3  4   6.82e-02
  0  0   6.82e-02
  0  0   6.82e-02
  0  0   6.82e-02
  0  0   6.82e-02
  0  0   6.82e-02
  0  0   6.82e-02
  0  0   6.82e-02
  0  0   6.82e-02
  0  0   6.81e-02
  0  0   6.81e-02
  0  0   6.80e-02
  0  0   6.79e-02
  0  0   6.76e-02
  0  0   6.73e-02
  0  0   6.68e-02
  0  0   6.59e-02
  0  0   6.47e-02
  0  0   6.29e-02
  0  0   6.05e-02
  0  0   5.78e-02
  0  0   5.57e-02
  0  0   5.49e-02
  3  5   1.62e-01
  0  0   1.62e-01
  0  0   1.62e-01
  0  0   1.62e-01
  0  0   1.62e-01
  0  0   1.62e-01
  0  0   1.62e-01
  0  0   1.62e-01
  0  0   1.62e-01
  0  0   1.62e-01
  0  0   1.62e-01
  0  0   1.62e-01
  0  0   1.62e-01
  0  0   1.62e-01
  0  0   1.61e-01
  0  0   1.61e-01
  0  0   1.60e-01
  0  0   1.59e-01
  0  0   1.57e-01
  0  0   1.56e-01
  0  0   1.54e-01
  0  0   1.54e-01
  0  0   1.57e-01
  4  5   7.52e-02
  0  0   7.52e-02
  0  0   7.52e-02
  0  0   7.52e-02
  0  0   7.52e-02
  0  0   7.52e-02
  0  0   7.52e-02
  0  0   7.51e-02
  0  0   7.51e-02
  0  0   7.50e-02
  0  0   7.48e-02
  0  0   7.46e-02
  0  0   7.42e-02
  0  0   7.36e-02
  0  0   7.26e-02
  0  0   7.12e-02
  0  0   6.89e-02
  0  0   6.57e-02
  0  0   6.10e-02
  0  0   5.50e-02
  0  0   4.79e-02
  0  0   4.06e-02
  0  0   3.36e-02
 0 0 0
  1  2   3.863e+01
  1  3   9.338e-01
  1  4   2.630e+02
  1  5   5.870e+02
  2  3   8.050e-02
  2  4   1.051e+02
  2  5   1.970e+02
  3  4   3.020e-01
  3  5   1.017e+02
  4  5   2.260e-01
  1  4        0.0
  2  4    88767.0
  3  6    90807.0
  4  2   137977.0
  5  4   141037.0
