 18
** Atomic data from version 5.2 of the CHIANTI database **
%observed energy levels: Edlen, B., 1983, Phys. Scr., 28, 51
%theoretical energy levels: Landi, E., 2005, A&A, 434, 365
%produced as part of the Arcetri/Cambridge/NRL 'CHIANTI' atomic data base collaboration
%
% E. Landi - May 2004
%observed energy levels: Edlen, B., 1983, Phys. Scr., 28, 51
%A values and oscillator strengths : Landi, E., 2005, A&A, 434, 365
%produced as part of the Arcetri/Cambridge/NRL 'CHIANTI' atomic data base collaboration
%
% E. Landi - Apr 2003

%filename: co_20.splups
%Oscillator strengths: Zhang, H.L., Sampson, D.H., 2002, ADNDT, 82, 357
%Collision strengths: Zhang, H.L., Sampson, D.H., 2002, ADNDT, 82, 357
%produced as part of the Arcetri/Cambridge/NRL 'CHIANTI' atomic data base collaboration
%
% Enrico Landi - Mar 2003
 5 23 0
  1  2s2.2p4 3P2
  2  2s2.2p4 3P0
  3  2s2.2p4 3P1
  4  2s2.2p4 1D2
  5  2s2.2p4 1S0
     100.0
     158.5
     251.2
     398.1
     631.0
    1000.0
    1584.9
    2511.9
    3981.1
    6309.6
   10000.0
   15848.9
   25118.9
   39810.7
   63095.8
  100000.0
  158489.2
  251188.7
  398107.1
  630957.6
 1000000.0
 1584892.5
 2511887.0
0
  1  2   1.46e-02
  0  0   1.46e-02
  0  0   1.46e-02
  0  0   1.46e-02
  0  0   1.46e-02
  0  0   1.46e-02
  0  0   1.46e-02
  0  0   1.46e-02
  0  0   1.46e-02
  0  0   1.46e-02
  0  0   1.46e-02
  0  0   1.46e-02
  0  0   1.46e-02
  0  0   1.46e-02
  0  0   1.46e-02
  0  0   1.46e-02
  0  0   1.45e-02
  0  0   1.45e-02
  0  0   1.44e-02
  0  0   1.43e-02
  0  0   1.42e-02
  0  0   1.39e-02
  0  0   1.36e-02
  1  3   4.41e-02
  0  0   4.41e-02
  0  0   4.41e-02
  0  0   4.41e-02
  0  0   4.41e-02
  0  0   4.41e-02
  0  0   4.41e-02
  0  0   4.41e-02
  0  0   4.41e-02
  0  0   4.41e-02
  0  0   4.41e-02
  0  0   4.41e-02
  0  0   4.41e-02
  0  0   4.40e-02
  0  0   4.40e-02
  0  0   4.39e-02
  0  0   4.38e-02
  0  0   4.36e-02
  0  0   4.33e-02
  0  0   4.28e-02
  0  0   4.21e-02
  0  0   4.10e-02
  0  0   3.94e-02
  1  4   5.42e-02
  0  0   5.42e-02
  0  0   5.42e-02
  0  0   5.42e-02
  0  0   5.42e-02
  0  0   5.42e-02
  0  0   5.42e-02
  0  0   5.42e-02
  0  0   5.42e-02
  0  0   5.42e-02
  0  0   5.42e-02
  0  0   5.41e-02
  0  0   5.41e-02
  0  0   5.41e-02
  0  0   5.40e-02
  0  0   5.39e-02
  0  0   5.37e-02
  0  0   5.34e-02
  0  0   5.30e-02
  0  0   5.23e-02
  0  0   5.12e-02
  0  0   4.96e-02
  0  0   4.72e-02
  1  5   3.08e-03
  0  0   3.08e-03
  0  0   3.08e-03
  0  0   3.08e-03
  0  0   3.08e-03
  0  0   3.08e-03
  0  0   3.08e-03
  0  0   3.08e-03
  0  0   3.08e-03
  0  0   3.08e-03
  0  0   3.08e-03
  0  0   3.08e-03
  0  0   3.08e-03
  0  0   3.07e-03
  0  0   3.07e-03
  0  0   3.06e-03
  0  0   3.04e-03
  0  0   3.02e-03
  0  0   2.99e-03
  0  0   2.93e-03
  0  0   2.85e-03
  0  0   2.73e-03
  0  0   2.56e-03
  2  3   1.55e-02
  0  0   1.55e-02
  0  0   1.55e-02
  0  0   1.55e-02
  0  0   1.55e-02
  0  0   1.55e-02
  0  0   1.55e-02
  0  0   1.55e-02
  0  0   1.55e-02
  0  0   1.55e-02
  0  0   1.55e-02
  0  0   1.55e-02
  0  0   1.55e-02
  0  0   1.55e-02
  0  0   1.55e-02
  0  0   1.54e-02
  0  0   1.54e-02
  0  0   1.53e-02
  0  0   1.51e-02
  0  0   1.49e-02
  0  0   1.45e-02
  0  0   1.40e-02
  0  0   1.32e-02
  2  4   1.22e-02
  0  0   1.22e-02
  0  0   1.22e-02
  0  0   1.22e-02
  0  0   1.22e-02
  0  0   1.22e-02
  0  0   1.22e-02
  0  0   1.22e-02
  0  0   1.22e-02
  0  0   1.22e-02
  0  0   1.22e-02
  0  0   1.22e-02
  0  0   1.22e-02
  0  0   1.22e-02
  0  0   1.22e-02
  0  0   1.22e-02
  0  0   1.21e-02
  0  0   1.21e-02
  0  0   1.20e-02
  0  0   1.18e-02
  0  0   1.16e-02
  0  0   1.13e-02
  0  0   1.08e-02
  2  5   1.18e-03
  0  0   1.18e-03
  0  0   1.18e-03
  0  0   1.18e-03
  0  0   1.18e-03
  0  0   1.18e-03
  0  0   1.18e-03
  0  0   1.18e-03
  0  0   1.18e-03
  0  0   1.18e-03
  0  0   1.18e-03
  0  0   1.18e-03
  0  0   1.18e-03
  0  0   1.17e-03
  0  0   1.17e-03
  0  0   1.17e-03
  0  0   1.16e-03
  0  0   1.15e-03
  0  0   1.14e-03
  0  0   1.12e-03
  0  0   1.09e-03
  0  0   1.04e-03
  0  0   9.69e-04
  3  4   4.25e-02
  0  0   4.25e-02
  0  0   4.25e-02
  0  0   4.25e-02
  0  0   4.25e-02
  0  0   4.25e-02
  0  0   4.25e-02
  0  0   4.25e-02
  0  0   4.25e-02
  0  0   4.25e-02
  0  0   4.25e-02
  0  0   4.25e-02
  0  0   4.24e-02
  0  0   4.24e-02
  0  0   4.23e-02
  0  0   4.22e-02
  0  0   4.20e-02
  0  0   4.18e-02
  0  0   4.13e-02
  0  0   4.07e-02
  0  0   3.96e-02
  0  0   3.81e-02
  0  0   3.60e-02
  3  5   1.03e-02
  0  0   1.03e-02
  0  0   1.03e-02
  0  0   1.03e-02
  0  0   1.03e-02
  0  0   1.03e-02
  0  0   1.03e-02
  0  0   1.03e-02
  0  0   1.03e-02
  0  0   1.03e-02
  0  0   1.03e-02
  0  0   1.03e-02
  0  0   1.03e-02
  0  0   1.03e-02
  0  0   1.02e-02
  0  0   1.02e-02
  0  0   1.02e-02
  0  0   1.01e-02
  0  0   9.98e-03
  0  0   9.81e-03
  0  0   9.55e-03
  0  0   9.16e-03
  0  0   8.60e-03
  4  5   2.12e-02
  0  0   2.12e-02
  0  0   2.12e-02
  0  0   2.12e-02
  0  0   2.12e-02
  0  0   2.12e-02
  0  0   2.12e-02
  0  0   2.12e-02
  0  0   2.12e-02
  0  0   2.12e-02
  0  0   2.12e-02
  0  0   2.12e-02
  0  0   2.12e-02
  0  0   2.12e-02
  0  0   2.12e-02
  0  0   2.12e-02
  0  0   2.12e-02
  0  0   2.12e-02
  0  0   2.12e-02
  0  0   2.12e-02
  0  0   2.12e-02
  0  0   2.12e-02
  0  0   2.12e-02
 0 0 0
  1  2   7.399e-01
  1  3   2.488e+04
  1  4   2.617e+04
  1  5   9.260e+00
  2  3   1.793e+02
  2  4   1.324e-01
  2  5   0.000e+00
  3  4   7.899e+02
  3  5   2.119e+05
  4  5   6.776e+01
  1  5        0.0
  2  1    83992.0
  3  3   107527.0
  4  5   189233.0
  5  1   363262.0
