 20
** Atomic data from version 5.2 of the CHIANTI database **
%observed energy levels: Edlen,B., 1983, Ph. Scr., 28, 483
%Theoretical energy levels: Zhang and Sampson, 1994, ADNDT, 56, 41.
% Produced as part of the Arcetri/Cambridge/NRL 'CHIANTI' atomic data base collaboration
%
% Enrico Landi 1999
%observed energy levels: Edlen,B., 1983, Ph. Scr., 28, 483
%Allowed transitions oscillator strengths: Zhang, Sampson, 1994, ADNDT, 56, 41.
%intercombination transitions oscillator strengths: Zhang, Sampson, 1994, ADNDT, 56, 41.
%Forbidden transition 1-2: Bhatia, Feldman, Seely, 1986, ADNDT, 35, 319.
%produced as part of the Arcetri/Cambridge/NRL 'CHIANTI' atomic data base collaboration
%
%   Enrico Landi - 1999

%filename: co_23.splups
%oscillator strengths: Zhang, Sampson, 1994, ADNDT, 56, 41
%collision strengths: Zhang, Sampson, 1994, ADNDT, 56, 41
%produced as part of the Arcetri/Cambridge/NRL 'CHIANTI' atomic data base collaboration
%
% Enrico Landi 1997
 5 23 0
  1  2s2.2p 2P1/2
  2  2s2.2p 2P3/2
  3  2s.2p2 4P1/2
  4  2s.2p2 4P3/2
  5  2s.2p2 4P5/2
     100.0
     158.5
     251.2
     398.1
     631.0
    1000.0
    1584.9
    2511.9
    3981.1
    6309.6
   10000.0
   15848.9
   25118.9
   39810.7
   63095.8
  100000.0
  158489.2
  251188.7
  398107.1
  630957.6
 1000000.0
 1584892.5
 2511887.0
0
  1  2   3.20e-02
  0  0   3.20e-02
  0  0   3.20e-02
  0  0   3.20e-02
  0  0   3.20e-02
  0  0   3.20e-02
  0  0   3.20e-02
  0  0   3.20e-02
  0  0   3.20e-02
  0  0   3.20e-02
  0  0   3.19e-02
  0  0   3.19e-02
  0  0   3.19e-02
  0  0   3.19e-02
  0  0   3.19e-02
  0  0   3.18e-02
  0  0   3.18e-02
  0  0   3.16e-02
  0  0   3.15e-02
  0  0   3.12e-02
  0  0   3.07e-02
  0  0   3.01e-02
  0  0   2.91e-02
  1  3   1.22e-02
  0  0   1.22e-02
  0  0   1.22e-02
  0  0   1.22e-02
  0  0   1.22e-02
  0  0   1.22e-02
  0  0   1.22e-02
  0  0   1.22e-02
  0  0   1.22e-02
  0  0   1.22e-02
  0  0   1.22e-02
  0  0   1.22e-02
  0  0   1.22e-02
  0  0   1.22e-02
  0  0   1.22e-02
  0  0   1.22e-02
  0  0   1.22e-02
  0  0   1.22e-02
  0  0   1.22e-02
  0  0   1.22e-02
  0  0   1.22e-02
  0  0   1.22e-02
  0  0   1.23e-02
  1  4   5.32e-03
  0  0   5.32e-03
  0  0   5.32e-03
  0  0   5.32e-03
  0  0   5.32e-03
  0  0   5.32e-03
  0  0   5.32e-03
  0  0   5.32e-03
  0  0   5.32e-03
  0  0   5.32e-03
  0  0   5.32e-03
  0  0   5.32e-03
  0  0   5.32e-03
  0  0   5.32e-03
  0  0   5.31e-03
  0  0   5.30e-03
  0  0   5.29e-03
  0  0   5.27e-03
  0  0   5.23e-03
  0  0   5.18e-03
  0  0   5.10e-03
  0  0   4.98e-03
  0  0   4.80e-03
  1  5   4.82e-03
  0  0   4.82e-03
  0  0   4.82e-03
  0  0   4.82e-03
  0  0   4.82e-03
  0  0   4.82e-03
  0  0   4.82e-03
  0  0   4.82e-03
  0  0   4.82e-03
  0  0   4.82e-03
  0  0   4.82e-03
  0  0   4.82e-03
  0  0   4.82e-03
  0  0   4.82e-03
  0  0   4.81e-03
  0  0   4.80e-03
  0  0   4.79e-03
  0  0   4.77e-03
  0  0   4.73e-03
  0  0   4.68e-03
  0  0   4.60e-03
  0  0   4.48e-03
  0  0   4.29e-03
  2  3   5.38e-03
  0  0   5.38e-03
  0  0   5.38e-03
  0  0   5.38e-03
  0  0   5.38e-03
  0  0   5.38e-03
  0  0   5.38e-03
  0  0   5.38e-03
  0  0   5.38e-03
  0  0   5.38e-03
  0  0   5.38e-03
  0  0   5.38e-03
  0  0   5.38e-03
  0  0   5.38e-03
  0  0   5.38e-03
  0  0   5.39e-03
  0  0   5.39e-03
  0  0   5.40e-03
  0  0   5.41e-03
  0  0   5.42e-03
  0  0   5.44e-03
  0  0   5.48e-03
  0  0   5.54e-03
  2  4   8.40e-03
  0  0   8.40e-03
  0  0   8.40e-03
  0  0   8.40e-03
  0  0   8.40e-03
  0  0   8.40e-03
  0  0   8.40e-03
  0  0   8.40e-03
  0  0   8.40e-03
  0  0   8.40e-03
  0  0   8.40e-03
  0  0   8.40e-03
  0  0   8.40e-03
  0  0   8.39e-03
  0  0   8.39e-03
  0  0   8.38e-03
  0  0   8.37e-03
  0  0   8.35e-03
  0  0   8.33e-03
  0  0   8.29e-03
  0  0   8.22e-03
  0  0   8.12e-03
  0  0   7.97e-03
  2  5   3.43e-02
  0  0   3.43e-02
  0  0   3.43e-02
  0  0   3.43e-02
  0  0   3.43e-02
  0  0   3.43e-02
  0  0   3.43e-02
  0  0   3.43e-02
  0  0   3.43e-02
  0  0   3.43e-02
  0  0   3.43e-02
  0  0   3.43e-02
  0  0   3.43e-02
  0  0   3.43e-02
  0  0   3.43e-02
  0  0   3.43e-02
  0  0   3.43e-02
  0  0   3.43e-02
  0  0   3.43e-02
  0  0   3.44e-02
  0  0   3.44e-02
  0  0   3.44e-02
  0  0   3.45e-02
  3  4   2.67e-02
  0  0   2.67e-02
  0  0   2.67e-02
  0  0   2.67e-02
  0  0   2.67e-02
  0  0   2.67e-02
  0  0   2.67e-02
  0  0   2.67e-02
  0  0   2.67e-02
  0  0   2.67e-02
  0  0   2.67e-02
  0  0   2.67e-02
  0  0   2.67e-02
  0  0   2.67e-02
  0  0   2.67e-02
  0  0   2.66e-02
  0  0   2.65e-02
  0  0   2.64e-02
  0  0   2.62e-02
  0  0   2.58e-02
  0  0   2.53e-02
  0  0   2.45e-02
  0  0   2.33e-02
  3  5   1.86e-02
  0  0   1.86e-02
  0  0   1.86e-02
  0  0   1.86e-02
  0  0   1.86e-02
  0  0   1.86e-02
  0  0   1.86e-02
  0  0   1.86e-02
  0  0   1.86e-02
  0  0   1.86e-02
  0  0   1.86e-02
  0  0   1.86e-02
  0  0   1.86e-02
  0  0   1.86e-02
  0  0   1.86e-02
  0  0   1.86e-02
  0  0   1.86e-02
  0  0   1.85e-02
  0  0   1.85e-02
  0  0   1.84e-02
  0  0   1.83e-02
  0  0   1.81e-02
  0  0   1.79e-02
  4  5   4.82e-02
  0  0   4.82e-02
  0  0   4.82e-02
  0  0   4.82e-02
  0  0   4.82e-02
  0  0   4.82e-02
  0  0   4.82e-02
  0  0   4.82e-02
  0  0   4.82e-02
  0  0   4.82e-02
  0  0   4.82e-02
  0  0   4.82e-02
  0  0   4.82e-02
  0  0   4.82e-02
  0  0   4.81e-02
  0  0   4.80e-02
  0  0   4.79e-02
  0  0   4.77e-02
  0  0   4.74e-02
  0  0   4.69e-02
  0  0   4.62e-02
  0  0   4.51e-02
  0  0   4.35e-02
 0 0 0
  1  2   2.637e+04
  1  3   1.126e+08
  1  4   2.803e+06
  1  5   0.000e+00
  2  3   1.587e+07
  2  4   1.017e+07
  2  5   9.623e+07
  3  4   0.000e+00
  3  5   0.000e+00
  4  5   0.000e+00
  1  2        0.0
  2  4   139702.0
  3  2   430709.0
  4  4   498549.0
  5  6   559483.0
