 21
** Atomic data from version 5.2 of the CHIANTI database **
%Experimental energy levels: Martin, W.C., Sugar, J., Musgrove, A., Dalton, G.R., 1995,
    NIST Database for Atomic Spectroscopy, Version 1.0, NIST Standard Reference Database 61.
%Theoretical energy levels: Zhang, Sampson, ADNDT, 1992 , 52, 143
%produced as part of the Arcetri/Cambridge/NRL 'CHIANTI' atomic data base collaboration
%
% Enrico Landi 1997
%Experimental energy levels: Martin, W.C., Sugar, J., Musgrove, A., Dalton, G.R., 1995,
    NIST Database for Atomic Spectroscopy, Version 1.0, NIST Standard Reference Database 61.
%Allowed transitions oscillator strengths: Zhang, Sampson, 1992, ADNDT, 52, 143
%Forbidden transition 1-4 oscillator strengths: Muhlethaler, Nussbaumer, 1976, A&A, 48, 109
%produced as part of the Arcetri/Cambridge/NRL 'CHIANTI' atomic data base collaboration
%
% Enrico Landi 1997

%filename: co_24.splups
%oscillator strengths: Zhang, Sampson, 1992, ADNDT, 52, 143
%collision strengths: Zhang, Sampson, 1992, ADNDT, 52, 143
%produced as part of the Arcetri/Cambridge/NRL 'CHIANTI' atomic data base collaboration
%
%Enrico Landi 1997
10 23 0
  1  2s2 1S0
  2  2s.2p 3P0
  3  2s.2p 3P1
  4  2s.2p 3P2
  5  2s.2p 1P1
  6  2p2 3P0
  7  2p2 3P1
  8  2p2 3P2
  9  2p2 1D2
 10  2p2 1S0
     100.0
     158.5
     251.2
     398.1
     631.0
    1000.0
    1584.9
    2511.9
    3981.1
    6309.6
   10000.0
   15848.9
   25118.9
   39810.7
   63095.8
  100000.0
  158489.2
  251188.7
  398107.1
  630957.6
 1000000.0
 1584892.5
 2511887.0
0
  1  2   1.30e-03
  0  0   1.30e-03
  0  0   1.30e-03
  0  0   1.30e-03
  0  0   1.30e-03
  0  0   1.30e-03
  0  0   1.30e-03
  0  0   1.30e-03
  0  0   1.30e-03
  0  0   1.30e-03
  0  0   1.30e-03
  0  0   1.30e-03
  0  0   1.30e-03
  0  0   1.30e-03
  0  0   1.30e-03
  0  0   1.30e-03
  0  0   1.29e-03
  0  0   1.29e-03
  0  0   1.28e-03
  0  0   1.26e-03
  0  0   1.24e-03
  0  0   1.21e-03
  0  0   1.16e-03
  1  3   1.11e-02
  0  0   1.11e-02
  0  0   1.11e-02
  0  0   1.11e-02
  0  0   1.11e-02
  0  0   1.11e-02
  0  0   1.11e-02
  0  0   1.11e-02
  0  0   1.11e-02
  0  0   1.11e-02
  0  0   1.11e-02
  0  0   1.11e-02
  0  0   1.11e-02
  0  0   1.11e-02
  0  0   1.11e-02
  0  0   1.11e-02
  0  0   1.11e-02
  0  0   1.12e-02
  0  0   1.12e-02
  0  0   1.12e-02
  0  0   1.13e-02
  0  0   1.14e-02
  0  0   1.16e-02
  1  4   6.31e-03
  0  0   6.31e-03
  0  0   6.31e-03
  0  0   6.31e-03
  0  0   6.31e-03
  0  0   6.31e-03
  0  0   6.31e-03
  0  0   6.31e-03
  0  0   6.31e-03
  0  0   6.31e-03
  0  0   6.31e-03
  0  0   6.31e-03
  0  0   6.30e-03
  0  0   6.30e-03
  0  0   6.29e-03
  0  0   6.28e-03
  0  0   6.26e-03
  0  0   6.24e-03
  0  0   6.19e-03
  0  0   6.12e-03
  0  0   6.02e-03
  0  0   5.86e-03
  0  0   5.62e-03
  1  5   2.36e-01
  0  0   2.36e-01
  0  0   2.36e-01
  0  0   2.36e-01
  0  0   2.36e-01
  0  0   2.36e-01
  0  0   2.36e-01
  0  0   2.36e-01
  0  0   2.36e-01
  0  0   2.36e-01
  0  0   2.36e-01
  0  0   2.36e-01
  0  0   2.37e-01
  0  0   2.38e-01
  0  0   2.39e-01
  0  0   2.40e-01
  0  0   2.43e-01
  0  0   2.47e-01
  0  0   2.53e-01
  0  0   2.61e-01
  0  0   2.72e-01
  0  0   2.85e-01
  0  0   3.00e-01
  1  6   1.21e-04
  0  0   1.21e-04
  0  0   1.21e-04
  0  0   1.21e-04
  0  0   1.21e-04
  0  0   1.21e-04
  0  0   1.21e-04
  0  0   1.21e-04
  0  0   1.21e-04
  0  0   1.21e-04
  0  0   1.21e-04
  0  0   1.21e-04
  0  0   1.21e-04
  0  0   1.21e-04
  0  0   1.21e-04
  0  0   1.21e-04
  0  0   1.21e-04
  0  0   1.20e-04
  0  0   1.20e-04
  0  0   1.19e-04
  0  0   1.18e-04
  0  0   1.16e-04
  0  0   1.12e-04
  1  7   1.65e-04
  0  0   1.65e-04
  0  0   1.65e-04
  0  0   1.65e-04
  0  0   1.65e-04
  0  0   1.65e-04
  0  0   1.65e-04
  0  0   1.65e-04
  0  0   1.65e-04
  0  0   1.65e-04
  0  0   1.65e-04
  0  0   1.65e-04
  0  0   1.65e-04
  0  0   1.65e-04
  0  0   1.65e-04
  0  0   1.64e-04
  0  0   1.63e-04
  0  0   1.62e-04
  0  0   1.61e-04
  0  0   1.58e-04
  0  0   1.54e-04
  0  0   1.49e-04
  0  0   1.40e-04
  1  8   4.14e-04
  0  0   4.14e-04
  0  0   4.14e-04
  0  0   4.14e-04
  0  0   4.14e-04
  0  0   4.14e-04
  0  0   4.14e-04
  0  0   4.14e-04
  0  0   4.14e-04
  0  0   4.14e-04
  0  0   4.14e-04
  0  0   4.14e-04
  0  0   4.14e-04
  0  0   4.13e-04
  0  0   4.13e-04
  0  0   4.13e-04
  0  0   4.13e-04
  0  0   4.13e-04
  0  0   4.12e-04
  0  0   4.11e-04
  0  0   4.10e-04
  0  0   4.08e-04
  0  0   4.05e-04
  1  9   5.25e-04
  0  0   5.25e-04
  0  0   5.25e-04
  0  0   5.25e-04
  0  0   5.25e-04
  0  0   5.25e-04
  0  0   5.25e-04
  0  0   5.25e-04
  0  0   5.25e-04
  0  0   5.25e-04
  0  0   5.25e-04
  0  0   5.25e-04
  0  0   5.25e-04
  0  0   5.25e-04
  0  0   5.26e-04
  0  0   5.26e-04
  0  0   5.26e-04
  0  0   5.27e-04
  0  0   5.28e-04
  0  0   5.30e-04
  0  0   5.32e-04
  0  0   5.36e-04
  0  0   5.43e-04
  1 10   3.10e-04
  0  0   3.10e-04
  0  0   3.10e-04
  0  0   3.10e-04
  0  0   3.10e-04
  0  0   3.10e-04
  0  0   3.10e-04
  0  0   3.10e-04
  0  0   3.10e-04
  0  0   3.10e-04
  0  0   3.10e-04
  0  0   3.10e-04
  0  0   3.10e-04
  0  0   3.10e-04
  0  0   3.10e-04
  0  0   3.10e-04
  0  0   3.10e-04
  0  0   3.10e-04
  0  0   3.10e-04
  0  0   3.09e-04
  0  0   3.08e-04
  0  0   3.08e-04
  0  0   3.06e-04
  2  3   1.42e-02
  0  0   1.42e-02
  0  0   1.42e-02
  0  0   1.42e-02
  0  0   1.42e-02
  0  0   1.42e-02
  0  0   1.42e-02
  0  0   1.42e-02
  0  0   1.42e-02
  0  0   1.42e-02
  0  0   1.42e-02
  0  0   1.42e-02
  0  0   1.42e-02
  0  0   1.42e-02
  0  0   1.42e-02
  0  0   1.41e-02
  0  0   1.41e-02
  0  0   1.40e-02
  0  0   1.39e-02
  0  0   1.37e-02
  0  0   1.35e-02
  0  0   1.31e-02
  0  0   1.25e-02
  2  4   9.04e-03
  0  0   9.04e-03
  0  0   9.04e-03
  0  0   9.04e-03
  0  0   9.04e-03
  0  0   9.04e-03
  0  0   9.04e-03
  0  0   9.04e-03
  0  0   9.04e-03
  0  0   9.04e-03
  0  0   9.04e-03
  0  0   9.04e-03
  0  0   9.04e-03
  0  0   9.04e-03
  0  0   9.03e-03
  0  0   9.03e-03
  0  0   9.02e-03
  0  0   9.01e-03
  0  0   8.99e-03
  0  0   8.96e-03
  0  0   8.91e-03
  0  0   8.83e-03
  0  0   8.71e-03
  2  5   3.41e-03
  0  0   3.41e-03
  0  0   3.41e-03
  0  0   3.41e-03
  0  0   3.41e-03
  0  0   3.41e-03
  0  0   3.41e-03
  0  0   3.41e-03
  0  0   3.41e-03
  0  0   3.41e-03
  0  0   3.41e-03
  0  0   3.41e-03
  0  0   3.41e-03
  0  0   3.41e-03
  0  0   3.40e-03
  0  0   3.39e-03
  0  0   3.38e-03
  0  0   3.36e-03
  0  0   3.33e-03
  0  0   3.29e-03
  0  0   3.22e-03
  0  0   3.11e-03
  0  0   2.95e-03
  2  6   8.77e-04
  0  0   8.77e-04
  0  0   8.77e-04
  0  0   8.77e-04
  0  0   8.77e-04
  0  0   8.77e-04
  0  0   8.77e-04
  0  0   8.77e-04
  0  0   8.77e-04
  0  0   8.77e-04
  0  0   8.77e-04
  0  0   8.76e-04
  0  0   8.76e-04
  0  0   8.75e-04
  0  0   8.74e-04
  0  0   8.73e-04
  0  0   8.70e-04
  0  0   8.67e-04
  0  0   8.61e-04
  0  0   8.51e-04
  0  0   8.37e-04
  0  0   8.15e-04
  0  0   7.82e-04
  2  7   1.08e-01
  0  0   1.08e-01
  0  0   1.08e-01
  0  0   1.08e-01
  0  0   1.08e-01
  0  0   1.08e-01
  0  0   1.08e-01
  0  0   1.08e-01
  0  0   1.08e-01
  0  0   1.08e-01
  0  0   1.09e-01
  0  0   1.09e-01
  0  0   1.09e-01
  0  0   1.09e-01
  0  0   1.10e-01
  0  0   1.11e-01
  0  0   1.12e-01
  0  0   1.14e-01
  0  0   1.17e-01
  0  0   1.21e-01
  0  0   1.27e-01
  0  0   1.34e-01
  0  0   1.41e-01
  2  8   2.41e-03
  0  0   2.41e-03
  0  0   2.41e-03
  0  0   2.41e-03
  0  0   2.41e-03
  0  0   2.41e-03
  0  0   2.41e-03
  0  0   2.41e-03
  0  0   2.41e-03
  0  0   2.41e-03
  0  0   2.41e-03
  0  0   2.41e-03
  0  0   2.41e-03
  0  0   2.41e-03
  0  0   2.41e-03
  0  0   2.40e-03
  0  0   2.40e-03
  0  0   2.38e-03
  0  0   2.37e-03
  0  0   2.34e-03
  0  0   2.30e-03
  0  0   2.24e-03
  0  0   2.14e-03
  2  9   4.15e-04
  0  0   4.15e-04
  0  0   4.15e-04
  0  0   4.15e-04
  0  0   4.15e-04
  0  0   4.15e-04
  0  0   4.15e-04
  0  0   4.15e-04
  0  0   4.15e-04
  0  0   4.14e-04
  0  0   4.14e-04
  0  0   4.14e-04
  0  0   4.14e-04
  0  0   4.14e-04
  0  0   4.13e-04
  0  0   4.13e-04
  0  0   4.11e-04
  0  0   4.09e-04
  0  0   4.07e-04
  0  0   4.02e-04
  0  0   3.95e-04
  0  0   3.84e-04
  0  0   3.69e-04
  2 10   6.74e-05
  0  0   6.74e-05
  0  0   6.74e-05
  0  0   6.74e-05
  0  0   6.74e-05
  0  0   6.74e-05
  0  0   6.74e-05
  0  0   6.74e-05
  0  0   6.73e-05
  0  0   6.73e-05
  0  0   6.73e-05
  0  0   6.73e-05
  0  0   6.73e-05
  0  0   6.72e-05
  0  0   6.72e-05
  0  0   6.70e-05
  0  0   6.69e-05
  0  0   6.66e-05
  0  0   6.61e-05
  0  0   6.54e-05
  0  0   6.42e-05
  0  0   6.25e-05
  0  0   5.99e-05
  3  4   3.69e-02
  0  0   3.69e-02
  0  0   3.69e-02
  0  0   3.69e-02
  0  0   3.69e-02
  0  0   3.69e-02
  0  0   3.69e-02
  0  0   3.69e-02
  0  0   3.69e-02
  0  0   3.69e-02
  0  0   3.69e-02
  0  0   3.69e-02
  0  0   3.68e-02
  0  0   3.68e-02
  0  0   3.68e-02
  0  0   3.68e-02
  0  0   3.67e-02
  0  0   3.66e-02
  0  0   3.64e-02
  0  0   3.61e-02
  0  0   3.57e-02
  0  0   3.50e-02
  0  0   3.40e-02
  3  5   1.06e-02
  0  0   1.06e-02
  0  0   1.06e-02
  0  0   1.06e-02
  0  0   1.06e-02
  0  0   1.06e-02
  0  0   1.06e-02
  0  0   1.06e-02
  0  0   1.06e-02
  0  0   1.06e-02
  0  0   1.06e-02
  0  0   1.06e-02
  0  0   1.06e-02
  0  0   1.06e-02
  0  0   1.05e-02
  0  0   1.05e-02
  0  0   1.05e-02
  0  0   1.04e-02
  0  0   1.04e-02
  0  0   1.02e-02
  0  0   1.00e-02
  0  0   9.74e-03
  0  0   9.31e-03
  3  6   1.06e-01
  0  0   1.06e-01
  0  0   1.06e-01
  0  0   1.06e-01
  0  0   1.06e-01
  0  0   1.06e-01
  0  0   1.06e-01
  0  0   1.06e-01
  0  0   1.06e-01
  0  0   1.06e-01
  0  0   1.06e-01
  0  0   1.07e-01
  0  0   1.07e-01
  0  0   1.07e-01
  0  0   1.08e-01
  0  0   1.09e-01
  0  0   1.11e-01
  0  0   1.14e-01
  0  0   1.17e-01
  0  0   1.23e-01
  0  0   1.29e-01
  0  0   1.38e-01
  0  0   1.47e-01
  3  7   8.01e-02
  0  0   8.01e-02
  0  0   8.01e-02
  0  0   8.01e-02
  0  0   8.01e-02
  0  0   8.01e-02
  0  0   8.01e-02
  0  0   8.02e-02
  0  0   8.02e-02
  0  0   8.02e-02
  0  0   8.03e-02
  0  0   8.04e-02
  0  0   8.06e-02
  0  0   8.09e-02
  0  0   8.14e-02
  0  0   8.21e-02
  0  0   8.31e-02
  0  0   8.47e-02
  0  0   8.71e-02
  0  0   9.04e-02
  0  0   9.47e-02
  0  0   1.00e-01
  0  0   1.06e-01
  3  8   1.45e-01
  0  0   1.45e-01
  0  0   1.45e-01
  0  0   1.45e-01
  0  0   1.45e-01
  0  0   1.45e-01
  0  0   1.45e-01
  0  0   1.45e-01
  0  0   1.45e-01
  0  0   1.45e-01
  0  0   1.45e-01
  0  0   1.45e-01
  0  0   1.45e-01
  0  0   1.46e-01
  0  0   1.47e-01
  0  0   1.48e-01
  0  0   1.49e-01
  0  0   1.52e-01
  0  0   1.56e-01
  0  0   1.61e-01
  0  0   1.69e-01
  0  0   1.77e-01
  0  0   1.87e-01
  3  9   1.08e-02
  0  0   1.08e-02
  0  0   1.08e-02
  0  0   1.08e-02
  0  0   1.08e-02
  0  0   1.08e-02
  0  0   1.08e-02
  0  0   1.08e-02
  0  0   1.08e-02
  0  0   1.08e-02
  0  0   1.08e-02
  0  0   1.08e-02
  0  0   1.08e-02
  0  0   1.08e-02
  0  0   1.09e-02
  0  0   1.09e-02
  0  0   1.09e-02
  0  0   1.09e-02
  0  0   1.09e-02
  0  0   1.10e-02
  0  0   1.10e-02
  0  0   1.11e-02
  0  0   1.13e-02
  3 10   6.26e-04
  0  0   6.26e-04
  0  0   6.26e-04
  0  0   6.26e-04
  0  0   6.26e-04
  0  0   6.26e-04
  0  0   6.26e-04
  0  0   6.26e-04
  0  0   6.26e-04
  0  0   6.26e-04
  0  0   6.26e-04
  0  0   6.26e-04
  0  0   6.26e-04
  0  0   6.26e-04
  0  0   6.26e-04
  0  0   6.25e-04
  0  0   6.25e-04
  0  0   6.25e-04
  0  0   6.24e-04
  0  0   6.23e-04
  0  0   6.22e-04
  0  0   6.19e-04
  0  0   6.16e-04
  4  5   1.82e-02
  0  0   1.82e-02
  0  0   1.82e-02
  0  0   1.82e-02
  0  0   1.82e-02
  0  0   1.82e-02
  0  0   1.82e-02
  0  0   1.82e-02
  0  0   1.82e-02
  0  0   1.82e-02
  0  0   1.82e-02
  0  0   1.82e-02
  0  0   1.82e-02
  0  0   1.82e-02
  0  0   1.82e-02
  0  0   1.81e-02
  0  0   1.80e-02
  0  0   1.79e-02
  0  0   1.78e-02
  0  0   1.75e-02
  0  0   1.71e-02
  0  0   1.66e-02
  0  0   1.57e-02
  4  6   5.20e-04
  0  0   5.20e-04
  0  0   5.20e-04
  0  0   5.20e-04
  0  0   5.20e-04
  0  0   5.20e-04
  0  0   5.20e-04
  0  0   5.20e-04
  0  0   5.20e-04
  0  0   5.20e-04
  0  0   5.19e-04
  0  0   5.19e-04
  0  0   5.19e-04
  0  0   5.19e-04
  0  0   5.18e-04
  0  0   5.17e-04
  0  0   5.16e-04
  0  0   5.14e-04
  0  0   5.10e-04
  0  0   5.05e-04
  0  0   4.96e-04
  0  0   4.83e-04
  0  0   4.64e-04
  4  7   1.28e-01
  0  0   1.28e-01
  0  0   1.28e-01
  0  0   1.28e-01
  0  0   1.28e-01
  0  0   1.28e-01
  0  0   1.28e-01
  0  0   1.28e-01
  0  0   1.28e-01
  0  0   1.28e-01
  0  0   1.29e-01
  0  0   1.29e-01
  0  0   1.29e-01
  0  0   1.30e-01
  0  0   1.31e-01
  0  0   1.32e-01
  0  0   1.34e-01
  0  0   1.38e-01
  0  0   1.42e-01
  0  0   1.49e-01
  0  0   1.57e-01
  0  0   1.68e-01
  0  0   1.79e-01
  4  8   2.82e-01
  0  0   2.82e-01
  0  0   2.82e-01
  0  0   2.82e-01
  0  0   2.82e-01
  0  0   2.82e-01
  0  0   2.82e-01
  0  0   2.82e-01
  0  0   2.82e-01
  0  0   2.83e-01
  0  0   2.83e-01
  0  0   2.83e-01
  0  0   2.84e-01
  0  0   2.85e-01
  0  0   2.87e-01
  0  0   2.90e-01
  0  0   2.94e-01
  0  0   3.01e-01
  0  0   3.10e-01
  0  0   3.23e-01
  0  0   3.40e-01
  0  0   3.61e-01
  0  0   3.83e-01
  4  9   1.59e-01
  0  0   1.59e-01
  0  0   1.59e-01
  0  0   1.59e-01
  0  0   1.59e-01
  0  0   1.59e-01
  0  0   1.59e-01
  0  0   1.59e-01
  0  0   1.59e-01
  0  0   1.59e-01
  0  0   1.59e-01
  0  0   1.59e-01
  0  0   1.59e-01
  0  0   1.59e-01
  0  0   1.59e-01
  0  0   1.60e-01
  0  0   1.60e-01
  0  0   1.60e-01
  0  0   1.61e-01
  0  0   1.62e-01
  0  0   1.63e-01
  0  0   1.65e-01
  0  0   1.68e-01
  4 10   1.70e-03
  0  0   1.70e-03
  0  0   1.70e-03
  0  0   1.70e-03
  0  0   1.70e-03
  0  0   1.70e-03
  0  0   1.70e-03
  0  0   1.70e-03
  0  0   1.70e-03
  0  0   1.70e-03
  0  0   1.70e-03
  0  0   1.69e-03
  0  0   1.69e-03
  0  0   1.69e-03
  0  0   1.69e-03
  0  0   1.69e-03
  0  0   1.68e-03
  0  0   1.67e-03
  0  0   1.66e-03
  0  0   1.64e-03
  0  0   1.61e-03
  0  0   1.57e-03
  0  0   1.50e-03
  5  6   8.65e-03
  0  0   8.65e-03
  0  0   8.65e-03
  0  0   8.65e-03
  0  0   8.65e-03
  0  0   8.65e-03
  0  0   8.65e-03
  0  0   8.65e-03
  0  0   8.65e-03
  0  0   8.65e-03
  0  0   8.65e-03
  0  0   8.65e-03
  0  0   8.66e-03
  0  0   8.67e-03
  0  0   8.68e-03
  0  0   8.70e-03
  0  0   8.73e-03
  0  0   8.78e-03
  0  0   8.85e-03
  0  0   8.97e-03
  0  0   9.16e-03
  0  0   9.44e-03
  0  0   9.86e-03
  5  7   6.24e-03
  0  0   6.24e-03
  0  0   6.24e-03
  0  0   6.24e-03
  0  0   6.24e-03
  0  0   6.24e-03
  0  0   6.24e-03
  0  0   6.24e-03
  0  0   6.24e-03
  0  0   6.24e-03
  0  0   6.24e-03
  0  0   6.24e-03
  0  0   6.25e-03
  0  0   6.25e-03
  0  0   6.25e-03
  0  0   6.25e-03
  0  0   6.25e-03
  0  0   6.26e-03
  0  0   6.26e-03
  0  0   6.28e-03
  0  0   6.29e-03
  0  0   6.32e-03
  0  0   6.36e-03
  5  8   1.53e-01
  0  0   1.53e-01
  0  0   1.53e-01
  0  0   1.53e-01
  0  0   1.53e-01
  0  0   1.53e-01
  0  0   1.53e-01
  0  0   1.53e-01
  0  0   1.53e-01
  0  0   1.53e-01
  0  0   1.53e-01
  0  0   1.53e-01
  0  0   1.53e-01
  0  0   1.53e-01
  0  0   1.53e-01
  0  0   1.53e-01
  0  0   1.54e-01
  0  0   1.55e-01
  0  0   1.56e-01
  0  0   1.58e-01
  0  0   1.61e-01
  0  0   1.65e-01
  0  0   1.72e-01
  5  9   3.82e-01
  0  0   3.82e-01
  0  0   3.82e-01
  0  0   3.82e-01
  0  0   3.82e-01
  0  0   3.82e-01
  0  0   3.82e-01
  0  0   3.82e-01
  0  0   3.83e-01
  0  0   3.83e-01
  0  0   3.83e-01
  0  0   3.84e-01
  0  0   3.86e-01
  0  0   3.88e-01
  0  0   3.91e-01
  0  0   3.97e-01
  0  0   4.05e-01
  0  0   4.17e-01
  0  0   4.34e-01
  0  0   4.58e-01
  0  0   4.89e-01
  0  0   5.26e-01
  0  0   5.67e-01
  5 10   1.81e-01
  0  0   1.81e-01
  0  0   1.81e-01
  0  0   1.81e-01
  0  0   1.81e-01
  0  0   1.81e-01
  0  0   1.81e-01
  0  0   1.81e-01
  0  0   1.81e-01
  0  0   1.81e-01
  0  0   1.81e-01
  0  0   1.82e-01
  0  0   1.82e-01
  0  0   1.83e-01
  0  0   1.84e-01
  0  0   1.85e-01
  0  0   1.87e-01
  0  0   1.91e-01
  0  0   1.96e-01
  0  0   2.03e-01
  0  0   2.13e-01
  0  0   2.24e-01
  0  0   2.38e-01
  6  7   1.52e-02
  0  0   1.52e-02
  0  0   1.52e-02
  0  0   1.52e-02
  0  0   1.52e-02
  0  0   1.52e-02
  0  0   1.52e-02
  0  0   1.52e-02
  0  0   1.52e-02
  0  0   1.52e-02
  0  0   1.52e-02
  0  0   1.52e-02
  0  0   1.51e-02
  0  0   1.51e-02
  0  0   1.51e-02
  0  0   1.51e-02
  0  0   1.50e-02
  0  0   1.49e-02
  0  0   1.48e-02
  0  0   1.46e-02
  0  0   1.43e-02
  0  0   1.38e-02
  0  0   1.31e-02
  6  8   1.43e-02
  0  0   1.43e-02
  0  0   1.43e-02
  0  0   1.43e-02
  0  0   1.43e-02
  0  0   1.43e-02
  0  0   1.43e-02
  0  0   1.43e-02
  0  0   1.43e-02
  0  0   1.43e-02
  0  0   1.43e-02
  0  0   1.43e-02
  0  0   1.43e-02
  0  0   1.43e-02
  0  0   1.43e-02
  0  0   1.43e-02
  0  0   1.43e-02
  0  0   1.42e-02
  0  0   1.42e-02
  0  0   1.41e-02
  0  0   1.39e-02
  0  0   1.37e-02
  0  0   1.34e-02
  6  9   2.67e-03
  0  0   2.67e-03
  0  0   2.67e-03
  0  0   2.67e-03
  0  0   2.67e-03
  0  0   2.67e-03
  0  0   2.67e-03
  0  0   2.67e-03
  0  0   2.67e-03
  0  0   2.67e-03
  0  0   2.67e-03
  0  0   2.67e-03
  0  0   2.66e-03
  0  0   2.66e-03
  0  0   2.66e-03
  0  0   2.65e-03
  0  0   2.64e-03
  0  0   2.63e-03
  0  0   2.61e-03
  0  0   2.57e-03
  0  0   2.52e-03
  0  0   2.43e-03
  0  0   2.31e-03
  6 10   5.17e-04
  0  0   5.17e-04
  0  0   5.17e-04
  0  0   5.17e-04
  0  0   5.17e-04
  0  0   5.17e-04
  0  0   5.17e-04
  0  0   5.17e-04
  0  0   5.17e-04
  0  0   5.17e-04
  0  0   5.16e-04
  0  0   5.16e-04
  0  0   5.16e-04
  0  0   5.15e-04
  0  0   5.14e-04
  0  0   5.13e-04
  0  0   5.11e-04
  0  0   5.08e-04
  0  0   5.02e-04
  0  0   4.94e-04
  0  0   4.82e-04
  0  0   4.64e-04
  0  0   4.37e-04
  7  8   4.13e-02
  0  0   4.13e-02
  0  0   4.13e-02
  0  0   4.13e-02
  0  0   4.13e-02
  0  0   4.13e-02
  0  0   4.13e-02
  0  0   4.13e-02
  0  0   4.13e-02
  0  0   4.13e-02
  0  0   4.13e-02
  0  0   4.13e-02
  0  0   4.13e-02
  0  0   4.12e-02
  0  0   4.12e-02
  0  0   4.11e-02
  0  0   4.10e-02
  0  0   4.09e-02
  0  0   4.06e-02
  0  0   4.02e-02
  0  0   3.96e-02
  0  0   3.86e-02
  0  0   3.72e-02
  7  9   2.44e-02
  0  0   2.44e-02
  0  0   2.44e-02
  0  0   2.44e-02
  0  0   2.44e-02
  0  0   2.44e-02
  0  0   2.44e-02
  0  0   2.44e-02
  0  0   2.44e-02
  0  0   2.44e-02
  0  0   2.43e-02
  0  0   2.43e-02
  0  0   2.43e-02
  0  0   2.43e-02
  0  0   2.43e-02
  0  0   2.42e-02
  0  0   2.42e-02
  0  0   2.40e-02
  0  0   2.39e-02
  0  0   2.36e-02
  0  0   2.32e-02
  0  0   2.25e-02
  0  0   2.15e-02
  7 10   3.62e-03
  0  0   3.62e-03
  0  0   3.62e-03
  0  0   3.62e-03
  0  0   3.62e-03
  0  0   3.62e-03
  0  0   3.62e-03
  0  0   3.62e-03
  0  0   3.62e-03
  0  0   3.62e-03
  0  0   3.62e-03
  0  0   3.62e-03
  0  0   3.61e-03
  0  0   3.61e-03
  0  0   3.60e-03
  0  0   3.60e-03
  0  0   3.58e-03
  0  0   3.56e-03
  0  0   3.52e-03
  0  0   3.47e-03
  0  0   3.39e-03
  0  0   3.27e-03
  0  0   3.09e-03
  8  9   5.39e-02
  0  0   5.39e-02
  0  0   5.39e-02
  0  0   5.39e-02
  0  0   5.39e-02
  0  0   5.39e-02
  0  0   5.39e-02
  0  0   5.39e-02
  0  0   5.39e-02
  0  0   5.39e-02
  0  0   5.39e-02
  0  0   5.39e-02
  0  0   5.39e-02
  0  0   5.39e-02
  0  0   5.38e-02
  0  0   5.37e-02
  0  0   5.36e-02
  0  0   5.34e-02
  0  0   5.31e-02
  0  0   5.27e-02
  0  0   5.20e-02
  0  0   5.09e-02
  0  0   4.93e-02
  8 10   7.32e-03
  0  0   7.32e-03
  0  0   7.32e-03
  0  0   7.32e-03
  0  0   7.32e-03
  0  0   7.32e-03
  0  0   7.32e-03
  0  0   7.32e-03
  0  0   7.32e-03
  0  0   7.32e-03
  0  0   7.32e-03
  0  0   7.32e-03
  0  0   7.32e-03
  0  0   7.31e-03
  0  0   7.31e-03
  0  0   7.30e-03
  0  0   7.29e-03
  0  0   7.26e-03
  0  0   7.23e-03
  0  0   7.18e-03
  0  0   7.10e-03
  0  0   6.97e-03
  0  0   6.79e-03
  9 10   1.75e-02
  0  0   1.75e-02
  0  0   1.75e-02
  0  0   1.75e-02
  0  0   1.75e-02
  0  0   1.75e-02
  0  0   1.75e-02
  0  0   1.75e-02
  0  0   1.75e-02
  0  0   1.75e-02
  0  0   1.75e-02
  0  0   1.75e-02
  0  0   1.75e-02
  0  0   1.75e-02
  0  0   1.75e-02
  0  0   1.75e-02
  0  0   1.75e-02
  0  0   1.75e-02
  0  0   1.75e-02
  0  0   1.75e-02
  0  0   1.75e-02
  0  0   1.76e-02
  0  0   1.76e-02
 0 0 0
  1  2   0.000e+00
  1  3   6.447e+07
  1  4   1.032e+01
  1  5   2.171e+10
  1  6   0.000e+00
  1  7   0.000e+00
  1  8   0.000e+00
  1  9   0.000e+00
  1 10   0.000e+00
  2  3   1.630e+03
  2  4   4.644e+00
  2  5   0.000e+00
  2  6   0.000e+00
  2  7   7.428e+09
  2  8   0.000e+00
  2  9   0.000e+00
  2 10   0.000e+00
  3  4   4.531e+04
  3  5   0.000e+00
  3  6   1.306e+10
  3  7   4.623e+09
  3  8   6.159e+09
  3  9   5.711e+08
  3 10   0.000e+00
  4  5   0.000e+00
  4  6   0.000e+00
  4  7   4.657e+09
  4  8   7.636e+09
  4  9   6.139e+09
  4 10   0.000e+00
  5  6   2.369e+07
  5  7   1.001e+07
  5  8   4.566e+08
  5  9   5.163e+09
  5 10   3.570e+10
  6  7   0.000e+00
  6  8   0.000e+00
  6  9   0.000e+00
  6 10   0.000e+00
  7  8   0.000e+00
  7  9   0.000e+00
  7 10   0.000e+00
  8  9   0.000e+00
  8 10   0.000e+00
  9 10   0.000e+00
  1  1        0.0
  2  1   363130.0
  3  3   398720.0
  4  5   509210.0
  5  3   799040.0
  6  1  1002040.0
  7  3  1089190.0
  8  5  1138140.0
  9  5  1289000.0
 10  1  1514350.0
