 48
** Atomic data from version 5.2 of the CHIANTI database **
%observed energies: Fuhr et al., 1999, NIST Atomic Spectra Database Version 2.0
%theoretical energies: Berrington, K.A., Nakazaki, S., Norrington, P.H., 2000, A&AS, 142, 313
% produced as part of the Arcetri/Cambridge/NRL 'CHIANTI' atomic data base collaboration
%
% P.R.Young - 15-Feb-2004
%observed energies: Fuhr et al., 1999, NIST Atomic Spectra Database Version 2.0
%A-values: Berrington, K.A., Nakazaki, S., Norrington, P.H., 2000, A&AS, 142, 313
%comment:
     The following A-values were incorrect in the Berrington et al. (2000)
     paper and have been corrected (K.A. Berrington, 2004, private communication)

i-i'   A(correct)    (in paper)
1-4   .372            3.25
1-7   .0150            .174
4-7   .182             .191

     The following table lists those transitions for which the new
     A-values (A_2) are more than 30% different from the previous
     CHIANTI A-values (Nussbaumer & Storey 1982).

  i  j       wvl       A_1       A_2   %diff
  1  5  4989.954 9.37e-002 1.35e-001   44.08
  1  6  4894.748 3.55e-002 5.02e-002   41.41
  2  6  5160.341 5.25e-002 7.62e-002   45.14
  3  7  5277.862 4.96e-002 7.35e-002   48.19
  4  6 33845.598 4.37e-002 5.72e-002   30.89
  4  8  8732.268 1.23e-003 4.14e-003  236.59
  7  8 13074.140 1.74e-005 4.54e-005  160.92

%produced as part of the Arcetri/Cambridge/NRL 'CHIANTI' atomic data base collaboration
%
%  P.R. Young - 19-Feb-2004

%filename: fe_7.splups
%energies: Berrington, K.A., Nakazaki, S., Norrington, P.H., 2000, A&AS, 142, 313
%effective collision strengths: Berrington, K.A., Nakazaki, S., Norrington, P.H., 2000, A&AS, 142, 313
%comment:
     The authors estimate that their upsilons are accurate to no better
     than 20%. Note that there are large differences (factors 2-3) over
     the previous R-matrix calculation (Keenan & Norrington 1987, 1991)
     which are attributed to the much larger model used by Berrington et al.

     The CHIANTI fits reproduce the original upsilons to an accuracy of <1.4%.
%comment: effective collision strengths were provided in the temperature range 4.3 < logT < 6.0.
%produced as part of the Arcetri/Cambridge/NRL 'CHIANTI' atomic data base collaboration
%
%  P.R.Young - 15-Feb-2004
 9 23 0
  1  3p6 3d2 3F2
  2  3p6 3d2 3F3
  3  3p6 3d2 3F4
  4  3p6 3d2 1D2
  5  3p6 3d2 3P0
  6  3p6 3d2 3P1
  7  3p6 3d2 3P2
  8  3p6 3d2 1G4
  9  3p6 3d2 1S0
     100.0
     158.5
     251.2
     398.1
     631.0
    1000.0
    1584.9
    2511.9
    3981.1
    6309.6
   10000.0
   15848.9
   25118.9
   39810.7
   63095.8
  100000.0
  158489.2
  251188.7
  398107.1
  630957.6
 1000000.0
 1584892.5
 2511887.0
0
  1  2   4.48e+00
  0  0   4.48e+00
  0  0   4.47e+00
  0  0   4.47e+00
  0  0   4.45e+00
  0  0   4.44e+00
  0  0   4.41e+00
  0  0   4.37e+00
  0  0   4.30e+00
  0  0   4.20e+00
  0  0   4.05e+00
  0  0   3.83e+00
  0  0   3.54e+00
  0  0   3.20e+00
  0  0   2.90e+00
  0  0   2.68e+00
  0  0   2.53e+00
  0  0   2.34e+00
  0  0   2.05e+00
  0  0   1.68e+00
  0  0   1.36e+00
  0  0   1.11e+00
  0  0   9.30e-01
  1  3   1.57e+00
  0  0   1.57e+00
  0  0   1.57e+00
  0  0   1.56e+00
  0  0   1.56e+00
  0  0   1.55e+00
  0  0   1.54e+00
  0  0   1.53e+00
  0  0   1.51e+00
  0  0   1.47e+00
  0  0   1.42e+00
  0  0   1.34e+00
  0  0   1.24e+00
  0  0   1.11e+00
  0  0   9.94e-01
  0  0   9.20e-01
  0  0   8.77e-01
  0  0   8.20e-01
  0  0   7.25e-01
  0  0   5.97e-01
  0  0   4.71e-01
  0  0   3.70e-01
  0  0   2.97e-01
  1  4   1.09e+00
  0  0   1.09e+00
  0  0   1.09e+00
  0  0   1.09e+00
  0  0   1.09e+00
  0  0   1.09e+00
  0  0   1.08e+00
  0  0   1.08e+00
  0  0   1.07e+00
  0  0   1.06e+00
  0  0   1.05e+00
  0  0   1.02e+00
  0  0   9.87e-01
  0  0   9.46e-01
  0  0   9.06e-01
  0  0   8.70e-01
  0  0   8.29e-01
  0  0   7.66e-01
  0  0   6.73e-01
  0  0   5.60e-01
  0  0   4.57e-01
  0  0   3.77e-01
  0  0   3.20e-01
  1  5   2.94e-01
  0  0   2.94e-01
  0  0   2.94e-01
  0  0   2.94e-01
  0  0   2.94e-01
  0  0   2.94e-01
  0  0   2.94e-01
  0  0   2.94e-01
  0  0   2.95e-01
  0  0   2.95e-01
  0  0   2.95e-01
  0  0   2.96e-01
  0  0   2.97e-01
  0  0   2.98e-01
  0  0   3.00e-01
  0  0   3.03e-01
  0  0   3.04e-01
  0  0   3.00e-01
  0  0   2.81e-01
  0  0   2.50e-01
  0  0   2.17e-01
  0  0   1.90e-01
  0  0   1.70e-01
  1  6   6.02e-01
  0  0   6.02e-01
  0  0   6.02e-01
  0  0   6.02e-01
  0  0   6.02e-01
  0  0   6.03e-01
  0  0   6.04e-01
  0  0   6.05e-01
  0  0   6.06e-01
  0  0   6.09e-01
  0  0   6.13e-01
  0  0   6.18e-01
  0  0   6.25e-01
  0  0   6.30e-01
  0  0   6.30e-01
  0  0   6.23e-01
  0  0   6.18e-01
  0  0   6.06e-01
  0  0   5.59e-01
  0  0   4.81e-01
  0  0   4.04e-01
  0  0   3.42e-01
  0  0   2.98e-01
  1  7   4.34e-01
  0  0   4.34e-01
  0  0   4.35e-01
  0  0   4.35e-01
  0  0   4.37e-01
  0  0   4.39e-01
  0  0   4.42e-01
  0  0   4.47e-01
  0  0   4.54e-01
  0  0   4.66e-01
  0  0   4.82e-01
  0  0   5.05e-01
  0  0   5.32e-01
  0  0   5.52e-01
  0  0   5.50e-01
  0  0   5.31e-01
  0  0   5.21e-01
  0  0   5.00e-01
  0  0   4.42e-01
  0  0   3.62e-01
  0  0   2.90e-01
  0  0   2.35e-01
  0  0   1.97e-01
  1  8   8.98e-01
  0  0   8.99e-01
  0  0   9.00e-01
  0  0   9.02e-01
  0  0   9.06e-01
  0  0   9.12e-01
  0  0   9.21e-01
  0  0   9.35e-01
  0  0   9.57e-01
  0  0   9.90e-01
  0  0   1.04e+00
  0  0   1.11e+00
  0  0   1.19e+00
  0  0   1.26e+00
  0  0   1.26e+00
  0  0   1.20e+00
  0  0   1.12e+00
  0  0   1.04e+00
  0  0   9.04e-01
  0  0   7.41e-01
  0  0   5.97e-01
  0  0   4.87e-01
  0  0   4.11e-01
  1  9   1.80e-01
  0  0   1.79e-01
  0  0   1.79e-01
  0  0   1.79e-01
  0  0   1.78e-01
  0  0   1.77e-01
  0  0   1.75e-01
  0  0   1.73e-01
  0  0   1.69e-01
  0  0   1.63e-01
  0  0   1.54e-01
  0  0   1.41e-01
  0  0   1.25e-01
  0  0   1.07e-01
  0  0   9.38e-02
  0  0   8.66e-02
  0  0   8.20e-02
  0  0   7.55e-02
  0  0   6.54e-02
  0  0   5.36e-02
  0  0   4.33e-02
  0  0   3.56e-02
  0  0   3.02e-02
  2  3   5.49e+00
  0  0   5.48e+00
  0  0   5.48e+00
  0  0   5.47e+00
  0  0   5.46e+00
  0  0   5.44e+00
  0  0   5.40e+00
  0  0   5.35e+00
  0  0   5.27e+00
  0  0   5.15e+00
  0  0   4.97e+00
  0  0   4.70e+00
  0  0   4.34e+00
  0  0   3.93e+00
  0  0   3.55e+00
  0  0   3.29e+00
  0  0   3.10e+00
  0  0   2.88e+00
  0  0   2.52e+00
  0  0   2.08e+00
  0  0   1.67e+00
  0  0   1.35e+00
  0  0   1.13e+00
  2  4   1.53e+00
  0  0   1.53e+00
  0  0   1.53e+00
  0  0   1.53e+00
  0  0   1.53e+00
  0  0   1.53e+00
  0  0   1.52e+00
  0  0   1.51e+00
  0  0   1.50e+00
  0  0   1.48e+00
  0  0   1.45e+00
  0  0   1.40e+00
  0  0   1.34e+00
  0  0   1.27e+00
  0  0   1.21e+00
  0  0   1.16e+00
  0  0   1.10e+00
  0  0   1.02e+00
  0  0   8.85e-01
  0  0   7.34e-01
  0  0   6.00e-01
  0  0   4.99e-01
  0  0   4.28e-01
  2  5   2.19e-01
  0  0   2.19e-01
  0  0   2.19e-01
  0  0   2.19e-01
  0  0   2.20e-01
  0  0   2.20e-01
  0  0   2.20e-01
  0  0   2.21e-01
  0  0   2.22e-01
  0  0   2.23e-01
  0  0   2.25e-01
  0  0   2.28e-01
  0  0   2.31e-01
  0  0   2.33e-01
  0  0   2.32e-01
  0  0   2.26e-01
  0  0   2.22e-01
  0  0   2.16e-01
  0  0   1.96e-01
  0  0   1.65e-01
  0  0   1.33e-01
  0  0   1.08e-01
  0  0   9.07e-02
  2  6   7.62e-01
  0  0   7.62e-01
  0  0   7.62e-01
  0  0   7.62e-01
  0  0   7.63e-01
  0  0   7.64e-01
  0  0   7.66e-01
  0  0   7.69e-01
  0  0   7.73e-01
  0  0   7.79e-01
  0  0   7.89e-01
  0  0   8.02e-01
  0  0   8.18e-01
  0  0   8.35e-01
  0  0   8.41e-01
  0  0   8.37e-01
  0  0   8.35e-01
  0  0   8.22e-01
  0  0   7.62e-01
  0  0   6.63e-01
  0  0   5.66e-01
  0  0   4.89e-01
  0  0   4.35e-01
  2  7   9.52e-01
  0  0   9.52e-01
  0  0   9.52e-01
  0  0   9.53e-01
  0  0   9.54e-01
  0  0   9.56e-01
  0  0   9.58e-01
  0  0   9.62e-01
  0  0   9.69e-01
  0  0   9.78e-01
  0  0   9.93e-01
  0  0   1.01e+00
  0  0   1.04e+00
  0  0   1.06e+00
  0  0   1.07e+00
  0  0   1.05e+00
  0  0   1.03e+00
  0  0   1.00e+00
  0  0   9.16e-01
  0  0   7.77e-01
  0  0   6.39e-01
  0  0   5.30e-01
  0  0   4.53e-01
  2  8   1.25e+00
  0  0   1.25e+00
  0  0   1.25e+00
  0  0   1.26e+00
  0  0   1.26e+00
  0  0   1.27e+00
  0  0   1.28e+00
  0  0   1.30e+00
  0  0   1.33e+00
  0  0   1.38e+00
  0  0   1.45e+00
  0  0   1.54e+00
  0  0   1.66e+00
  0  0   1.76e+00
  0  0   1.77e+00
  0  0   1.68e+00
  0  0   1.58e+00
  0  0   1.46e+00
  0  0   1.27e+00
  0  0   1.04e+00
  0  0   8.41e-01
  0  0   6.87e-01
  0  0   5.80e-01
  2  9   2.54e-01
  0  0   2.53e-01
  0  0   2.53e-01
  0  0   2.52e-01
  0  0   2.51e-01
  0  0   2.50e-01
  0  0   2.48e-01
  0  0   2.44e-01
  0  0   2.39e-01
  0  0   2.30e-01
  0  0   2.18e-01
  0  0   2.00e-01
  0  0   1.77e-01
  0  0   1.52e-01
  0  0   1.33e-01
  0  0   1.23e-01
  0  0   1.16e-01
  0  0   1.07e-01
  0  0   9.23e-02
  0  0   7.59e-02
  0  0   6.16e-02
  0  0   5.09e-02
  0  0   4.34e-02
  3  4   1.95e+00
  0  0   1.95e+00
  0  0   1.95e+00
  0  0   1.94e+00
  0  0   1.94e+00
  0  0   1.93e+00
  0  0   1.93e+00
  0  0   1.91e+00
  0  0   1.89e+00
  0  0   1.86e+00
  0  0   1.82e+00
  0  0   1.75e+00
  0  0   1.67e+00
  0  0   1.57e+00
  0  0   1.48e+00
  0  0   1.42e+00
  0  0   1.35e+00
  0  0   1.24e+00
  0  0   1.07e+00
  0  0   8.86e-01
  0  0   7.21e-01
  0  0   5.97e-01
  0  0   5.10e-01
  3  5   1.35e-01
  0  0   1.35e-01
  0  0   1.35e-01
  0  0   1.35e-01
  0  0   1.36e-01
  0  0   1.37e-01
  0  0   1.38e-01
  0  0   1.40e-01
  0  0   1.43e-01
  0  0   1.48e-01
  0  0   1.56e-01
  0  0   1.66e-01
  0  0   1.79e-01
  0  0   1.90e-01
  0  0   1.92e-01
  0  0   1.86e-01
  0  0   1.81e-01
  0  0   1.75e-01
  0  0   1.58e-01
  0  0   1.31e-01
  0  0   1.05e-01
  0  0   8.43e-02
  0  0   6.99e-02
  3  6   5.67e-01
  0  0   5.67e-01
  0  0   5.67e-01
  0  0   5.68e-01
  0  0   5.70e-01
  0  0   5.72e-01
  0  0   5.75e-01
  0  0   5.80e-01
  0  0   5.87e-01
  0  0   5.99e-01
  0  0   6.16e-01
  0  0   6.39e-01
  0  0   6.68e-01
  0  0   6.93e-01
  0  0   6.96e-01
  0  0   6.76e-01
  0  0   6.62e-01
  0  0   6.45e-01
  0  0   5.84e-01
  0  0   4.86e-01
  0  0   3.92e-01
  0  0   3.18e-01
  0  0   2.65e-01
  3  7   1.81e+00
  0  0   1.81e+00
  0  0   1.81e+00
  0  0   1.81e+00
  0  0   1.81e+00
  0  0   1.81e+00
  0  0   1.81e+00
  0  0   1.82e+00
  0  0   1.83e+00
  0  0   1.84e+00
  0  0   1.86e+00
  0  0   1.88e+00
  0  0   1.91e+00
  0  0   1.94e+00
  0  0   1.96e+00
  0  0   1.94e+00
  0  0   1.93e+00
  0  0   1.90e+00
  0  0   1.76e+00
  0  0   1.53e+00
  0  0   1.30e+00
  0  0   1.11e+00
  0  0   9.78e-01
  3  8   1.54e+00
  0  0   1.55e+00
  0  0   1.55e+00
  0  0   1.55e+00
  0  0   1.56e+00
  0  0   1.57e+00
  0  0   1.59e+00
  0  0   1.62e+00
  0  0   1.67e+00
  0  0   1.74e+00
  0  0   1.85e+00
  0  0   1.99e+00
  0  0   2.15e+00
  0  0   2.28e+00
  0  0   2.29e+00
  0  0   2.17e+00
  0  0   2.05e+00
  0  0   1.89e+00
  0  0   1.64e+00
  0  0   1.35e+00
  0  0   1.10e+00
  0  0   9.08e-01
  0  0   7.77e-01
  3  9   3.30e-01
  0  0   3.30e-01
  0  0   3.29e-01
  0  0   3.28e-01
  0  0   3.27e-01
  0  0   3.25e-01
  0  0   3.22e-01
  0  0   3.18e-01
  0  0   3.11e-01
  0  0   3.00e-01
  0  0   2.84e-01
  0  0   2.62e-01
  0  0   2.32e-01
  0  0   2.00e-01
  0  0   1.75e-01
  0  0   1.61e-01
  0  0   1.53e-01
  0  0   1.41e-01
  0  0   1.22e-01
  0  0   1.00e-01
  0  0   8.08e-02
  0  0   6.62e-02
  0  0   5.60e-02
  4  5   1.29e-01
  0  0   1.29e-01
  0  0   1.29e-01
  0  0   1.29e-01
  0  0   1.30e-01
  0  0   1.30e-01
  0  0   1.32e-01
  0  0   1.33e-01
  0  0   1.36e-01
  0  0   1.40e-01
  0  0   1.46e-01
  0  0   1.54e-01
  0  0   1.65e-01
  0  0   1.76e-01
  0  0   1.80e-01
  0  0   1.78e-01
  0  0   1.72e-01
  0  0   1.62e-01
  0  0   1.45e-01
  0  0   1.21e-01
  0  0   9.94e-02
  0  0   8.27e-02
  0  0   7.09e-02
  4  6   3.96e-01
  0  0   3.97e-01
  0  0   3.97e-01
  0  0   3.98e-01
  0  0   3.99e-01
  0  0   4.02e-01
  0  0   4.05e-01
  0  0   4.10e-01
  0  0   4.19e-01
  0  0   4.31e-01
  0  0   4.50e-01
  0  0   4.76e-01
  0  0   5.09e-01
  0  0   5.42e-01
  0  0   5.57e-01
  0  0   5.44e-01
  0  0   5.20e-01
  0  0   4.89e-01
  0  0   4.34e-01
  0  0   3.61e-01
  0  0   2.93e-01
  0  0   2.40e-01
  0  0   2.03e-01
  4  7   9.34e-01
  0  0   9.34e-01
  0  0   9.35e-01
  0  0   9.35e-01
  0  0   9.37e-01
  0  0   9.39e-01
  0  0   9.42e-01
  0  0   9.47e-01
  0  0   9.55e-01
  0  0   9.67e-01
  0  0   9.85e-01
  0  0   1.01e+00
  0  0   1.04e+00
  0  0   1.07e+00
  0  0   1.07e+00
  0  0   1.03e+00
  0  0   9.67e-01
  0  0   8.89e-01
  0  0   7.73e-01
  0  0   6.29e-01
  0  0   4.96e-01
  0  0   3.93e-01
  0  0   3.20e-01
  4  8   1.97e+00
  0  0   1.97e+00
  0  0   1.97e+00
  0  0   1.97e+00
  0  0   1.98e+00
  0  0   1.98e+00
  0  0   1.98e+00
  0  0   1.98e+00
  0  0   1.99e+00
  0  0   1.99e+00
  0  0   2.00e+00
  0  0   2.01e+00
  0  0   2.02e+00
  0  0   1.99e+00
  0  0   1.89e+00
  0  0   1.76e+00
  0  0   1.64e+00
  0  0   1.52e+00
  0  0   1.33e+00
  0  0   1.10e+00
  0  0   8.92e-01
  0  0   7.39e-01
  0  0   6.33e-01
  4  9   5.86e-01
  0  0   5.86e-01
  0  0   5.86e-01
  0  0   5.85e-01
  0  0   5.84e-01
  0  0   5.82e-01
  0  0   5.79e-01
  0  0   5.74e-01
  0  0   5.67e-01
  0  0   5.56e-01
  0  0   5.41e-01
  0  0   5.19e-01
  0  0   4.92e-01
  0  0   4.70e-01
  0  0   4.66e-01
  0  0   4.80e-01
  0  0   4.95e-01
  0  0   4.91e-01
  0  0   4.64e-01
  0  0   4.24e-01
  0  0   3.87e-01
  0  0   3.59e-01
  0  0   3.39e-01
  5  6   3.15e-01
  0  0   3.15e-01
  0  0   3.15e-01
  0  0   3.16e-01
  0  0   3.16e-01
  0  0   3.17e-01
  0  0   3.18e-01
  0  0   3.20e-01
  0  0   3.23e-01
  0  0   3.28e-01
  0  0   3.35e-01
  0  0   3.46e-01
  0  0   3.59e-01
  0  0   3.74e-01
  0  0   3.82e-01
  0  0   3.81e-01
  0  0   3.83e-01
  0  0   4.01e-01
  0  0   3.99e-01
  0  0   3.61e-01
  0  0   3.07e-01
  0  0   2.59e-01
  0  0   2.24e-01
  5  7   3.03e-01
  0  0   3.03e-01
  0  0   3.03e-01
  0  0   3.03e-01
  0  0   3.03e-01
  0  0   3.04e-01
  0  0   3.04e-01
  0  0   3.05e-01
  0  0   3.06e-01
  0  0   3.08e-01
  0  0   3.10e-01
  0  0   3.14e-01
  0  0   3.19e-01
  0  0   3.24e-01
  0  0   3.26e-01
  0  0   3.28e-01
  0  0   3.41e-01
  0  0   3.62e-01
  0  0   3.61e-01
  0  0   3.29e-01
  0  0   2.88e-01
  0  0   2.53e-01
  0  0   2.27e-01
  5  8   1.35e-01
  0  0   1.35e-01
  0  0   1.35e-01
  0  0   1.35e-01
  0  0   1.35e-01
  0  0   1.36e-01
  0  0   1.36e-01
  0  0   1.37e-01
  0  0   1.39e-01
  0  0   1.42e-01
  0  0   1.45e-01
  0  0   1.51e-01
  0  0   1.59e-01
  0  0   1.70e-01
  0  0   1.80e-01
  0  0   1.86e-01
  0  0   1.85e-01
  0  0   1.74e-01
  0  0   1.56e-01
  0  0   1.31e-01
  0  0   1.06e-01
  0  0   8.48e-02
  0  0   6.90e-02
  5  9   1.85e-02
  0  0   1.85e-02
  0  0   1.86e-02
  0  0   1.87e-02
  0  0   1.89e-02
  0  0   1.91e-02
  0  0   1.95e-02
  0  0   2.02e-02
  0  0   2.11e-02
  0  0   2.26e-02
  0  0   2.49e-02
  0  0   2.81e-02
  0  0   3.24e-02
  0  0   3.72e-02
  0  0   4.06e-02
  0  0   4.12e-02
  0  0   3.93e-02
  0  0   3.64e-02
  0  0   3.19e-02
  0  0   2.63e-02
  0  0   2.11e-02
  0  0   1.71e-02
  0  0   1.42e-02
  6  7   1.06e+00
  0  0   1.06e+00
  0  0   1.06e+00
  0  0   1.06e+00
  0  0   1.06e+00
  0  0   1.07e+00
  0  0   1.07e+00
  0  0   1.07e+00
  0  0   1.08e+00
  0  0   1.09e+00
  0  0   1.10e+00
  0  0   1.12e+00
  0  0   1.15e+00
  0  0   1.18e+00
  0  0   1.19e+00
  0  0   1.19e+00
  0  0   1.23e+00
  0  0   1.30e+00
  0  0   1.30e+00
  0  0   1.19e+00
  0  0   1.03e+00
  0  0   9.03e-01
  0  0   8.06e-01
  6  8   4.00e-01
  0  0   4.00e-01
  0  0   4.01e-01
  0  0   4.01e-01
  0  0   4.02e-01
  0  0   4.03e-01
  0  0   4.06e-01
  0  0   4.09e-01
  0  0   4.14e-01
  0  0   4.23e-01
  0  0   4.35e-01
  0  0   4.54e-01
  0  0   4.80e-01
  0  0   5.12e-01
  0  0   5.42e-01
  0  0   5.59e-01
  0  0   5.53e-01
  0  0   5.25e-01
  0  0   4.70e-01
  0  0   3.96e-01
  0  0   3.20e-01
  0  0   2.59e-01
  0  0   2.14e-01
  6  9   4.57e-02
  0  0   4.58e-02
  0  0   4.61e-02
  0  0   4.65e-02
  0  0   4.71e-02
  0  0   4.80e-02
  0  0   4.95e-02
  0  0   5.19e-02
  0  0   5.55e-02
  0  0   6.11e-02
  0  0   6.94e-02
  0  0   8.11e-02
  0  0   9.62e-02
  0  0   1.12e-01
  0  0   1.22e-01
  0  0   1.23e-01
  0  0   1.18e-01
  0  0   1.09e-01
  0  0   9.60e-02
  0  0   7.93e-02
  0  0   6.43e-02
  0  0   5.27e-02
  0  0   4.46e-02
  7  8   7.58e-01
  0  0   7.58e-01
  0  0   7.59e-01
  0  0   7.59e-01
  0  0   7.61e-01
  0  0   7.63e-01
  0  0   7.66e-01
  0  0   7.72e-01
  0  0   7.80e-01
  0  0   7.92e-01
  0  0   8.12e-01
  0  0   8.40e-01
  0  0   8.79e-01
  0  0   9.26e-01
  0  0   9.70e-01
  0  0   9.90e-01
  0  0   9.73e-01
  0  0   9.19e-01
  0  0   8.22e-01
  0  0   6.91e-01
  0  0   5.58e-01
  0  0   4.51e-01
  0  0   3.72e-01
  7  9   1.17e-01
  0  0   1.17e-01
  0  0   1.17e-01
  0  0   1.18e-01
  0  0   1.18e-01
  0  0   1.20e-01
  0  0   1.22e-01
  0  0   1.25e-01
  0  0   1.30e-01
  0  0   1.37e-01
  0  0   1.48e-01
  0  0   1.64e-01
  0  0   1.84e-01
  0  0   2.07e-01
  0  0   2.23e-01
  0  0   2.25e-01
  0  0   2.17e-01
  0  0   2.03e-01
  0  0   1.80e-01
  0  0   1.50e-01
  0  0   1.22e-01
  0  0   1.00e-01
  0  0   8.49e-02
  8  9   1.02e-01
  0  0   1.02e-01
  0  0   1.03e-01
  0  0   1.05e-01
  0  0   1.07e-01
  0  0   1.11e-01
  0  0   1.16e-01
  0  0   1.25e-01
  0  0   1.39e-01
  0  0   1.59e-01
  0  0   1.89e-01
  0  0   2.31e-01
  0  0   2.82e-01
  0  0   3.29e-01
  0  0   3.51e-01
  0  0   3.43e-01
  0  0   3.26e-01
  0  0   2.96e-01
  0  0   2.48e-01
  0  0   1.94e-01
  0  0   1.47e-01
  0  0   1.13e-01
  0  0   8.90e-02
 0 0 0
  1  2   3.250e-02
  1  3   0.000e+00
  1  4   3.720e-01
  1  5   1.350e-01
  1  6   5.020e-02
  1  7   1.500e-02
  1  8   9.590e-04
  1  9   1.810e-01
  2  3   4.660e-02
  2  4   6.030e-01
  2  5   0.000e+00
  2  6   7.620e-02
  2  7   6.970e-02
  2  8   3.430e-01
  2  9   0.000e+00
  3  4   1.390e-03
  3  5   0.000e+00
  3  6   0.000e+00
  3  7   7.350e-02
  3  8   5.030e-01
  3  9   0.000e+00
  4  5   0.000e+00
  4  6   5.720e-02
  4  7   1.820e-01
  4  8   4.140e-03
  4  9   2.670e+01
  5  6   1.150e-03
  5  7   0.000e+00
  5  8   0.000e+00
  5  9   0.000e+00
  6  7   7.430e-03
  6  8   0.000e+00
  6  9   6.880e+00
  7  8   4.540e-05
  7  9   1.110e+00
  8  9   0.000e+00
  1  5        0.0
  2  7     1051.5
  3  9     2331.5
  4  5    17475.5
  5  1    20040.3
  6  3    20430.1
  7  5    21278.6
  8  9    28927.3
  9  1    67078.3
