 20
** Atomic data from version 5.2 of the CHIANTI database **
%Observed energy levels: Edlen, 1984, Phys.Scripta, 30, 135 
%Theoretical energy levels (1-15): Zhang, Sampson, ADNDT, 1999, 72, 153
% produced as part of the Arcetri/Cambridge/NRL 'CHIANTI' atomic data base collaboration
% 
% G. Del Zanna, May 2001.
% Experimental energy levels (1 - 15): Edlen, 1984, Phys.Scripta, 30, 135
% gf values for transitions between the (1 - 15) levels: Zhang, Sampson, ADNDT, 1999, 72, 153
% A values for within the ground configuration: Merkelis et al., 1999, Physica Scripta 59,122
% A values for transitions with 2s.2p4 and 2p5: Zhang, Sampson, ADNDT, 1999, 72, 153
%produced as part of the Arcetri/Cambridge/NRL 'CHIANTI' atomic data base collaboration
%
% G. Del Zanna, May 2001

%filename: k_13.splups
%oscillator strengths: Zhang, Sampson, 1999, ADNDT, 72, 153
%collision strengths: Zhang, Sampson, 1999, ADNDT, 72, 153
%produced as part of the Arcetri/Cambridge/NRL 'CHIANTI' atomic data base collaboration
%
% G. Del Zanna, May 2001
 5 23 0
  1  2s2.2p3 4S3/2
  2  2s2.2p3 2D3/2
  3  2s2.2p3 2D5/2
  4  2s2.2p3 2P1/2
  5  2s2.2p3 2P3/2
     100.0
     158.5
     251.2
     398.1
     631.0
    1000.0
    1584.9
    2511.9
    3981.1
    6309.6
   10000.0
   15848.9
   25118.9
   39810.7
   63095.8
  100000.0
  158489.2
  251188.7
  398107.1
  630957.6
 1000000.0
 1584892.5
 2511887.0
0
  1  2   7.75e-02
  0  0   7.75e-02
  0  0   7.75e-02
  0  0   7.75e-02
  0  0   7.75e-02
  0  0   7.75e-02
  0  0   7.75e-02
  0  0   7.75e-02
  0  0   7.75e-02
  0  0   7.75e-02
  0  0   7.74e-02
  0  0   7.73e-02
  0  0   7.72e-02
  0  0   7.70e-02
  0  0   7.68e-02
  0  0   7.63e-02
  0  0   7.56e-02
  0  0   7.45e-02
  0  0   7.27e-02
  0  0   7.02e-02
  0  0   6.64e-02
  0  0   6.12e-02
  0  0   5.46e-02
  1  3   1.11e-01
  0  0   1.11e-01
  0  0   1.11e-01
  0  0   1.11e-01
  0  0   1.11e-01
  0  0   1.11e-01
  0  0   1.11e-01
  0  0   1.11e-01
  0  0   1.11e-01
  0  0   1.11e-01
  0  0   1.11e-01
  0  0   1.11e-01
  0  0   1.11e-01
  0  0   1.11e-01
  0  0   1.10e-01
  0  0   1.10e-01
  0  0   1.09e-01
  0  0   1.07e-01
  0  0   1.05e-01
  0  0   1.01e-01
  0  0   9.61e-02
  0  0   8.86e-02
  0  0   7.88e-02
  1  4   2.52e-02
  0  0   2.52e-02
  0  0   2.52e-02
  0  0   2.52e-02
  0  0   2.52e-02
  0  0   2.52e-02
  0  0   2.52e-02
  0  0   2.52e-02
  0  0   2.52e-02
  0  0   2.52e-02
  0  0   2.52e-02
  0  0   2.52e-02
  0  0   2.51e-02
  0  0   2.50e-02
  0  0   2.49e-02
  0  0   2.48e-02
  0  0   2.45e-02
  0  0   2.41e-02
  0  0   2.35e-02
  0  0   2.25e-02
  0  0   2.11e-02
  0  0   1.92e-02
  0  0   1.68e-02
  1  5   4.69e-02
  0  0   4.69e-02
  0  0   4.69e-02
  0  0   4.69e-02
  0  0   4.69e-02
  0  0   4.69e-02
  0  0   4.69e-02
  0  0   4.68e-02
  0  0   4.68e-02
  0  0   4.68e-02
  0  0   4.68e-02
  0  0   4.67e-02
  0  0   4.67e-02
  0  0   4.65e-02
  0  0   4.63e-02
  0  0   4.60e-02
  0  0   4.55e-02
  0  0   4.47e-02
  0  0   4.36e-02
  0  0   4.18e-02
  0  0   3.92e-02
  0  0   3.57e-02
  0  0   3.13e-02
  2  3   1.46e-01
  0  0   1.46e-01
  0  0   1.46e-01
  0  0   1.46e-01
  0  0   1.46e-01
  0  0   1.46e-01
  0  0   1.46e-01
  0  0   1.46e-01
  0  0   1.46e-01
  0  0   1.46e-01
  0  0   1.46e-01
  0  0   1.45e-01
  0  0   1.45e-01
  0  0   1.45e-01
  0  0   1.44e-01
  0  0   1.44e-01
  0  0   1.42e-01
  0  0   1.40e-01
  0  0   1.37e-01
  0  0   1.33e-01
  0  0   1.26e-01
  0  0   1.17e-01
  0  0   1.05e-01
  2  4   4.65e-02
  0  0   4.65e-02
  0  0   4.65e-02
  0  0   4.65e-02
  0  0   4.65e-02
  0  0   4.65e-02
  0  0   4.65e-02
  0  0   4.65e-02
  0  0   4.65e-02
  0  0   4.65e-02
  0  0   4.65e-02
  0  0   4.65e-02
  0  0   4.65e-02
  0  0   4.65e-02
  0  0   4.65e-02
  0  0   4.65e-02
  0  0   4.65e-02
  0  0   4.65e-02
  0  0   4.64e-02
  0  0   4.64e-02
  0  0   4.63e-02
  0  0   4.63e-02
  0  0   4.63e-02
  2  5   6.04e-02
  0  0   6.04e-02
  0  0   6.04e-02
  0  0   6.04e-02
  0  0   6.04e-02
  0  0   6.04e-02
  0  0   6.04e-02
  0  0   6.04e-02
  0  0   6.04e-02
  0  0   6.04e-02
  0  0   6.04e-02
  0  0   6.03e-02
  0  0   6.03e-02
  0  0   6.02e-02
  0  0   6.01e-02
  0  0   6.00e-02
  0  0   5.98e-02
  0  0   5.94e-02
  0  0   5.88e-02
  0  0   5.79e-02
  0  0   5.66e-02
  0  0   5.46e-02
  0  0   5.19e-02
  3  4   5.06e-02
  0  0   5.06e-02
  0  0   5.06e-02
  0  0   5.06e-02
  0  0   5.06e-02
  0  0   5.06e-02
  0  0   5.06e-02
  0  0   5.06e-02
  0  0   5.06e-02
  0  0   5.06e-02
  0  0   5.06e-02
  0  0   5.06e-02
  0  0   5.06e-02
  0  0   5.05e-02
  0  0   5.05e-02
  0  0   5.04e-02
  0  0   5.02e-02
  0  0   5.00e-02
  0  0   4.97e-02
  0  0   4.91e-02
  0  0   4.83e-02
  0  0   4.70e-02
  0  0   4.54e-02
  3  5   1.23e-01
  0  0   1.23e-01
  0  0   1.23e-01
  0  0   1.23e-01
  0  0   1.23e-01
  0  0   1.23e-01
  0  0   1.23e-01
  0  0   1.23e-01
  0  0   1.23e-01
  0  0   1.23e-01
  0  0   1.23e-01
  0  0   1.23e-01
  0  0   1.23e-01
  0  0   1.23e-01
  0  0   1.23e-01
  0  0   1.23e-01
  0  0   1.23e-01
  0  0   1.22e-01
  0  0   1.22e-01
  0  0   1.21e-01
  0  0   1.20e-01
  0  0   1.19e-01
  0  0   1.17e-01
  4  5   5.40e-02
  0  0   5.40e-02
  0  0   5.40e-02
  0  0   5.40e-02
  0  0   5.40e-02
  0  0   5.40e-02
  0  0   5.40e-02
  0  0   5.40e-02
  0  0   5.40e-02
  0  0   5.40e-02
  0  0   5.39e-02
  0  0   5.39e-02
  0  0   5.38e-02
  0  0   5.37e-02
  0  0   5.35e-02
  0  0   5.33e-02
  0  0   5.28e-02
  0  0   5.22e-02
  0  0   5.12e-02
  0  0   4.96e-02
  0  0   4.73e-02
  0  0   4.41e-02
  0  0   3.98e-02
 0 0 0
  1  2   2.191e+02
  1  3   5.924e+00
  1  4   8.931e+02
  1  5   1.820e+03
  2  3   1.260e+00
  2  4   3.348e+02
  2  5   7.375e+02
  3  4   3.710e-01
  3  5   3.451e+02
  4  5   3.100e+00
  1  4        0.0
  2  4   100551.0
  3  6   105727.0
  4  2   160640.0
  5  4   168084.0
