 21
** Atomic data from version 5.2 of the CHIANTI database **
%Experimental energy levels: Edlen, B., 1983, Phys. Scr., 28, 51
%Theoretical energy levels: Landi, E. 2005, A&A, 434, 365
%produced as part of the Arcetri/Cambridge/NRL 'CHIANTI' atomic data base collaboration
%
% E. Landi - Apr 2003
%observed energy levels: Edlen, B., 1983, Phys. Scr., 28, 51
%Radiative data allowed transitions: Landi, E. 2005, A&A, 434, 365
%Radiative data transition within the ground configuration: Tachiev, G.I., Froese Fischer, C., 2002, A&A. 385, 716
%Radiative data 3-4 and 4-5 transitions: Froese Fischer, C., Saha, H.P., 1983, Phys. Rev. A., 28, 3169
% Comment: A values for transitions 3-4 and 4-5 have been corrected to account for observed level energies.
%produced as part of the Arcetri/Cambridge/NRL 'CHIANTI' atomic data base collaboration
%
% E. Landi - Apr 2003

%filename: k_12.splups
%Oscillator strengths: Zhang, H.L., Sampson, D.H., 2002, ADNDT, 82, 357
%Collision strengths: Zhang, H.L., Sampson, D.H., 2002, ADNDT, 82, 357
%produced as part of the Arcetri/Cambridge/NRL 'CHIANTI' atomic data base collaboration
%
% Enrico Landi - Mar 2003
 5 23 0
  1  2s2.2p4 3P2
  2  2s2.2p4 3P1
  3  2s2.2p4 3P0
  4  2s2.2p4 1D2
  5  2s2.2p4 1S0
     100.0
     158.5
     251.2
     398.1
     631.0
    1000.0
    1584.9
    2511.9
    3981.1
    6309.6
   10000.0
   15848.9
   25118.9
   39810.7
   63095.8
  100000.0
  158489.2
  251188.7
  398107.1
  630957.6
 1000000.0
 1584892.5
 2511887.0
0
  1  2   1.27e-01
  0  0   1.27e-01
  0  0   1.27e-01
  0  0   1.27e-01
  0  0   1.27e-01
  0  0   1.27e-01
  0  0   1.27e-01
  0  0   1.27e-01
  0  0   1.27e-01
  0  0   1.27e-01
  0  0   1.27e-01
  0  0   1.27e-01
  0  0   1.27e-01
  0  0   1.27e-01
  0  0   1.26e-01
  0  0   1.26e-01
  0  0   1.25e-01
  0  0   1.23e-01
  0  0   1.21e-01
  0  0   1.17e-01
  0  0   1.13e-01
  0  0   1.06e-01
  0  0   9.81e-02
  1  3   2.83e-02
  0  0   2.83e-02
  0  0   2.83e-02
  0  0   2.83e-02
  0  0   2.83e-02
  0  0   2.83e-02
  0  0   2.83e-02
  0  0   2.83e-02
  0  0   2.83e-02
  0  0   2.83e-02
  0  0   2.83e-02
  0  0   2.83e-02
  0  0   2.82e-02
  0  0   2.82e-02
  0  0   2.81e-02
  0  0   2.80e-02
  0  0   2.79e-02
  0  0   2.77e-02
  0  0   2.74e-02
  0  0   2.68e-02
  0  0   2.61e-02
  0  0   2.51e-02
  0  0   2.40e-02
  1  4   1.52e-01
  0  0   1.52e-01
  0  0   1.52e-01
  0  0   1.52e-01
  0  0   1.52e-01
  0  0   1.52e-01
  0  0   1.52e-01
  0  0   1.52e-01
  0  0   1.52e-01
  0  0   1.52e-01
  0  0   1.52e-01
  0  0   1.51e-01
  0  0   1.51e-01
  0  0   1.51e-01
  0  0   1.50e-01
  0  0   1.49e-01
  0  0   1.48e-01
  0  0   1.45e-01
  0  0   1.42e-01
  0  0   1.37e-01
  0  0   1.29e-01
  0  0   1.18e-01
  0  0   1.05e-01
  1  5   1.93e-02
  0  0   1.93e-02
  0  0   1.93e-02
  0  0   1.93e-02
  0  0   1.93e-02
  0  0   1.93e-02
  0  0   1.93e-02
  0  0   1.93e-02
  0  0   1.93e-02
  0  0   1.93e-02
  0  0   1.93e-02
  0  0   1.93e-02
  0  0   1.93e-02
  0  0   1.92e-02
  0  0   1.91e-02
  0  0   1.90e-02
  0  0   1.87e-02
  0  0   1.84e-02
  0  0   1.79e-02
  0  0   1.71e-02
  0  0   1.61e-02
  0  0   1.46e-02
  0  0   1.28e-02
  2  3   5.41e-02
  0  0   5.41e-02
  0  0   5.41e-02
  0  0   5.41e-02
  0  0   5.41e-02
  0  0   5.41e-02
  0  0   5.40e-02
  0  0   5.40e-02
  0  0   5.40e-02
  0  0   5.40e-02
  0  0   5.40e-02
  0  0   5.39e-02
  0  0   5.38e-02
  0  0   5.37e-02
  0  0   5.35e-02
  0  0   5.32e-02
  0  0   5.26e-02
  0  0   5.18e-02
  0  0   5.06e-02
  0  0   4.88e-02
  0  0   4.61e-02
  0  0   4.25e-02
  0  0   3.79e-02
  2  4   1.05e-01
  0  0   1.05e-01
  0  0   1.05e-01
  0  0   1.05e-01
  0  0   1.05e-01
  0  0   1.05e-01
  0  0   1.05e-01
  0  0   1.05e-01
  0  0   1.05e-01
  0  0   1.05e-01
  0  0   1.05e-01
  0  0   1.05e-01
  0  0   1.05e-01
  0  0   1.04e-01
  0  0   1.04e-01
  0  0   1.03e-01
  0  0   1.02e-01
  0  0   1.00e-01
  0  0   9.78e-02
  0  0   9.40e-02
  0  0   8.85e-02
  0  0   8.10e-02
  0  0   7.18e-02
  2  5   1.71e-02
  0  0   1.71e-02
  0  0   1.71e-02
  0  0   1.71e-02
  0  0   1.71e-02
  0  0   1.71e-02
  0  0   1.71e-02
  0  0   1.71e-02
  0  0   1.71e-02
  0  0   1.71e-02
  0  0   1.71e-02
  0  0   1.70e-02
  0  0   1.70e-02
  0  0   1.70e-02
  0  0   1.69e-02
  0  0   1.68e-02
  0  0   1.66e-02
  0  0   1.63e-02
  0  0   1.58e-02
  0  0   1.52e-02
  0  0   1.42e-02
  0  0   1.29e-02
  0  0   1.13e-02
  3  4   3.47e-02
  0  0   3.47e-02
  0  0   3.47e-02
  0  0   3.47e-02
  0  0   3.47e-02
  0  0   3.47e-02
  0  0   3.47e-02
  0  0   3.47e-02
  0  0   3.47e-02
  0  0   3.46e-02
  0  0   3.46e-02
  0  0   3.46e-02
  0  0   3.45e-02
  0  0   3.44e-02
  0  0   3.43e-02
  0  0   3.41e-02
  0  0   3.37e-02
  0  0   3.32e-02
  0  0   3.24e-02
  0  0   3.11e-02
  0  0   2.94e-02
  0  0   2.70e-02
  0  0   2.40e-02
  3  5   5.52e-03
  0  0   5.52e-03
  0  0   5.52e-03
  0  0   5.52e-03
  0  0   5.52e-03
  0  0   5.52e-03
  0  0   5.52e-03
  0  0   5.52e-03
  0  0   5.51e-03
  0  0   5.51e-03
  0  0   5.51e-03
  0  0   5.50e-03
  0  0   5.49e-03
  0  0   5.47e-03
  0  0   5.44e-03
  0  0   5.40e-03
  0  0   5.34e-03
  0  0   5.23e-03
  0  0   5.08e-03
  0  0   4.85e-03
  0  0   4.53e-03
  0  0   4.10e-03
  0  0   3.59e-03
  4  5   4.47e-02
  0  0   4.47e-02
  0  0   4.47e-02
  0  0   4.47e-02
  0  0   4.47e-02
  0  0   4.47e-02
  0  0   4.47e-02
  0  0   4.47e-02
  0  0   4.47e-02
  0  0   4.47e-02
  0  0   4.47e-02
  0  0   4.47e-02
  0  0   4.47e-02
  0  0   4.47e-02
  0  0   4.48e-02
  0  0   4.48e-02
  0  0   4.49e-02
  0  0   4.50e-02
  0  0   4.53e-02
  0  0   4.56e-02
  0  0   4.62e-02
  0  0   4.70e-02
  0  0   4.82e-02
 0 0 0
  1  2   1.456e+02
  1  3   5.221e-03
  1  4   4.467e+02
  1  5   1.202e+00
  2  3   3.410e+00
  2  4   6.721e+01
  2  5   4.648e+03
  3  4   2.843e-03
  3  5   0.000e+00
  4  5   1.126e+01
  1  5        0.0
  2  3    18945.0
  3  1    23224.0
  4  5    79589.0
  5  1   162868.0
