 24
** Atomic data from version 5.2 of the CHIANTI database **
%observed energy levels: Martin, W.C., Sugar, J., Musgrove, A., Dalton, G.R., 1995,
    NIST Database for Atomic Spectroscopy, Version 1.0, NIST Standard Reference Database 61.
%observed energy levels 2s2p2 4P, 2p3 4S (3,4,5,11): Edlen,B., 1981, Ph. Scr. 23, 1079.
%theoretical energy levels: Zhang, Sampson, 1994, ADNDT, 56, 41.
%produced as part of the Arcetri/Cambridge/NRL 'CHIANTI' atomic data base collaboration
%
% Enrico Landi 1997
%observed energy levels: Martin, W.C., Sugar, J., Musgrove, A., Dalton, G.R., 1995,
    NIST Database for Atomic Spectroscopy, Version 1.0, NIST Standard Reference Database 61
%observed energy levels 2s2p2 4P, 2p3 4S (3,4,5,11): Edlen,B., 1981, Ph. Scr. 23, 1079
%Allowed transitions oscillator strengths: Zhang, Sampson, 1994, ADNDT, 56, 41.
%intercombination transitions oscillator strengths: Zhang, Sampson, 1994, ADNDT, 56, 41.
%Forbidden transition 1-2: Bhatia, Feldman, Seely, 1986, ADNDT, 35, 319.
%produced as part of the Arcetri/Cambridge/NRL 'CHIANTI' atomic data base collaboration
%
%  Enrico Landi - 1997

%filename: k_15.splups
%oscillator strengths: Zhang, Sampson, 1994, ADNDT, 56, 41
%collision strengths: Zhang, Sampson, 1994, ADNDT, 56, 41
%produced as part of the Arcetri/Cambridge/NRL 'CHIANTI' atomic data base collaboration
%
% Enrico Landi 1997
 5 23 0
  1  2s2.2p 2P1/2
  2  2s2.2p 2P3/2
  3  2s.2p2 4P1/2
  4  2s.2p2 4P3/2
  5  2s.2p2 4P5/2
     100.0
     158.5
     251.2
     398.1
     631.0
    1000.0
    1584.9
    2511.9
    3981.1
    6309.6
   10000.0
   15848.9
   25118.9
   39810.7
   63095.8
  100000.0
  158489.2
  251188.7
  398107.1
  630957.6
 1000000.0
 1584892.5
 2511887.0
0
  1  2   7.49e-02
  0  0   7.49e-02
  0  0   7.49e-02
  0  0   7.49e-02
  0  0   7.49e-02
  0  0   7.49e-02
  0  0   7.49e-02
  0  0   7.49e-02
  0  0   7.49e-02
  0  0   7.49e-02
  0  0   7.49e-02
  0  0   7.48e-02
  0  0   7.47e-02
  0  0   7.46e-02
  0  0   7.45e-02
  0  0   7.42e-02
  0  0   7.37e-02
  0  0   7.31e-02
  0  0   7.20e-02
  0  0   7.05e-02
  0  0   6.82e-02
  0  0   6.52e-02
  0  0   6.14e-02
  1  3   9.74e-03
  0  0   9.74e-03
  0  0   9.74e-03
  0  0   9.74e-03
  0  0   9.74e-03
  0  0   9.74e-03
  0  0   9.74e-03
  0  0   9.74e-03
  0  0   9.74e-03
  0  0   9.74e-03
  0  0   9.74e-03
  0  0   9.73e-03
  0  0   9.72e-03
  0  0   9.71e-03
  0  0   9.70e-03
  0  0   9.67e-03
  0  0   9.63e-03
  0  0   9.56e-03
  0  0   9.46e-03
  0  0   9.31e-03
  0  0   9.07e-03
  0  0   8.73e-03
  0  0   8.26e-03
  1  4   1.16e-02
  0  0   1.16e-02
  0  0   1.16e-02
  0  0   1.16e-02
  0  0   1.16e-02
  0  0   1.16e-02
  0  0   1.16e-02
  0  0   1.16e-02
  0  0   1.16e-02
  0  0   1.16e-02
  0  0   1.16e-02
  0  0   1.16e-02
  0  0   1.16e-02
  0  0   1.16e-02
  0  0   1.15e-02
  0  0   1.15e-02
  0  0   1.14e-02
  0  0   1.13e-02
  0  0   1.11e-02
  0  0   1.09e-02
  0  0   1.05e-02
  0  0   9.93e-03
  0  0   9.16e-03
  1  5   7.78e-03
  0  0   7.78e-03
  0  0   7.78e-03
  0  0   7.78e-03
  0  0   7.78e-03
  0  0   7.78e-03
  0  0   7.77e-03
  0  0   7.77e-03
  0  0   7.77e-03
  0  0   7.77e-03
  0  0   7.77e-03
  0  0   7.76e-03
  0  0   7.76e-03
  0  0   7.74e-03
  0  0   7.72e-03
  0  0   7.69e-03
  0  0   7.65e-03
  0  0   7.57e-03
  0  0   7.46e-03
  0  0   7.28e-03
  0  0   7.02e-03
  0  0   6.64e-03
  0  0   6.11e-03
  2  3   5.60e-03
  0  0   5.60e-03
  0  0   5.60e-03
  0  0   5.60e-03
  0  0   5.60e-03
  0  0   5.60e-03
  0  0   5.60e-03
  0  0   5.60e-03
  0  0   5.59e-03
  0  0   5.59e-03
  0  0   5.59e-03
  0  0   5.59e-03
  0  0   5.59e-03
  0  0   5.58e-03
  0  0   5.58e-03
  0  0   5.56e-03
  0  0   5.55e-03
  0  0   5.52e-03
  0  0   5.47e-03
  0  0   5.40e-03
  0  0   5.29e-03
  0  0   5.13e-03
  0  0   4.91e-03
  2  4   1.45e-02
  0  0   1.45e-02
  0  0   1.45e-02
  0  0   1.45e-02
  0  0   1.45e-02
  0  0   1.45e-02
  0  0   1.45e-02
  0  0   1.45e-02
  0  0   1.45e-02
  0  0   1.45e-02
  0  0   1.45e-02
  0  0   1.45e-02
  0  0   1.45e-02
  0  0   1.44e-02
  0  0   1.44e-02
  0  0   1.44e-02
  0  0   1.43e-02
  0  0   1.42e-02
  0  0   1.40e-02
  0  0   1.37e-02
  0  0   1.32e-02
  0  0   1.26e-02
  0  0   1.17e-02
  2  5   3.39e-02
  0  0   3.39e-02
  0  0   3.39e-02
  0  0   3.39e-02
  0  0   3.39e-02
  0  0   3.39e-02
  0  0   3.39e-02
  0  0   3.39e-02
  0  0   3.39e-02
  0  0   3.39e-02
  0  0   3.39e-02
  0  0   3.38e-02
  0  0   3.38e-02
  0  0   3.38e-02
  0  0   3.37e-02
  0  0   3.36e-02
  0  0   3.34e-02
  0  0   3.32e-02
  0  0   3.28e-02
  0  0   3.22e-02
  0  0   3.13e-02
  0  0   3.00e-02
  0  0   2.81e-02
  3  4   6.58e-02
  0  0   6.58e-02
  0  0   6.58e-02
  0  0   6.58e-02
  0  0   6.58e-02
  0  0   6.58e-02
  0  0   6.58e-02
  0  0   6.58e-02
  0  0   6.58e-02
  0  0   6.57e-02
  0  0   6.57e-02
  0  0   6.57e-02
  0  0   6.56e-02
  0  0   6.55e-02
  0  0   6.53e-02
  0  0   6.50e-02
  0  0   6.45e-02
  0  0   6.38e-02
  0  0   6.26e-02
  0  0   6.09e-02
  0  0   5.83e-02
  0  0   5.45e-02
  0  0   4.95e-02
  3  5   3.80e-02
  0  0   3.80e-02
  0  0   3.80e-02
  0  0   3.80e-02
  0  0   3.80e-02
  0  0   3.80e-02
  0  0   3.80e-02
  0  0   3.80e-02
  0  0   3.80e-02
  0  0   3.80e-02
  0  0   3.80e-02
  0  0   3.80e-02
  0  0   3.80e-02
  0  0   3.80e-02
  0  0   3.79e-02
  0  0   3.79e-02
  0  0   3.78e-02
  0  0   3.77e-02
  0  0   3.74e-02
  0  0   3.71e-02
  0  0   3.66e-02
  0  0   3.59e-02
  0  0   3.48e-02
  4  5   1.18e-01
  0  0   1.18e-01
  0  0   1.18e-01
  0  0   1.18e-01
  0  0   1.18e-01
  0  0   1.18e-01
  0  0   1.18e-01
  0  0   1.18e-01
  0  0   1.18e-01
  0  0   1.18e-01
  0  0   1.18e-01
  0  0   1.18e-01
  0  0   1.18e-01
  0  0   1.18e-01
  0  0   1.18e-01
  0  0   1.17e-01
  0  0   1.16e-01
  0  0   1.15e-01
  0  0   1.14e-01
  0  0   1.11e-01
  0  0   1.07e-01
  0  0   1.02e-01
  0  0   9.55e-02
 0 0 0
  1  2   1.196e+02
  1  3   4.471e+06
  1  4   1.063e+05
  1  5   0.000e+00
  2  3   2.370e+06
  2  4   6.977e+05
  2  5   3.437e+06
  3  4   0.000e+00
  3  5   0.000e+00
  4  5   0.000e+00
  1  2        0.0
  2  4    28990.0
  3  2   248220.0
  4  4   259464.0
  5  6   274095.0
