 23
** Atomic data from version 5.2 of the CHIANTI database **
%energy levels (n=2): Edlen, B., 1985, Physica Scripta, 31, 345
%energy levels (n=3): Martin, W.C., Sugar, J., Musgrove, A., Dalton, G.R., 1995, 
   NIST Database for Atomic Spectroscopy, Version 1.0, NIST Standard Reference Database 61.
%Theoretical energy levels: Bhatia, A.K.,Doscheck, G.A., ADNDT, 60, 145, 1995 
% produced as part of the Arcetri/Cambridge/NRL 'CHIANTI' atomic data base collaboration
%
%  E.Landi 2000
%observed energy levels (n=2): Edlen, B., 1985, Physica Scripta, 31, 345
%observed energy levels (n=3): Martin, W.C., Sugar, J., Musgrove, A., Dalton, G.R., 1995,
   NIST Database for Atomic Spectroscopy, Version 1.0, NIST Standard Reference Database 61
%oscillator strengths: Bhatia, A.K., Doscheck, G.A.,1995, ADNDT, 60, 145
%A-values (2-4 and 3-4 transitions): Storey PJ, Zeippen CJ, MNRAS 312, 813, 2000
% produced as part of the Arcetri/Cambridge/NRL 'CHIANTI' atomic data base collaboration
%
%  Enrico Landi, 2000

%filename: mg_7.splups
%oscillator strengths: Bhatia, A.K., Doschek, G.A., 1995, ADNDT, 60, 145
%collision strengths: Bhatia, A.K., Doschek, G.A., 1995, ADNDT, 60, 145
% produced as part of the Arcetri/Cambridge/NRL 'CHIANTI' atomic data base collaboration
%
%   E. Landi 1995
 6 23 0
  1  2s2.2p2 3P0
  2  2s2.2p2 3P1
  3  2s2.2p2 3P2
  4  2s2.2p2 1D2
  5  2s2.2p2 1S0
  6  2s.2p3 5S2
     100.0
     158.5
     251.2
     398.1
     631.0
    1000.0
    1584.9
    2511.9
    3981.1
    6309.6
   10000.0
   15848.9
   25118.9
   39810.7
   63095.8
  100000.0
  158489.2
  251188.7
  398107.1
  630957.6
 1000000.0
 1584892.5
 2511887.0
0
  1  2   1.20e-01
  0  0   1.20e-01
  0  0   1.20e-01
  0  0   1.20e-01
  0  0   1.20e-01
  0  0   1.20e-01
  0  0   1.20e-01
  0  0   1.20e-01
  0  0   1.20e-01
  0  0   1.20e-01
  0  0   1.20e-01
  0  0   1.20e-01
  0  0   1.20e-01
  0  0   1.20e-01
  0  0   1.19e-01
  0  0   1.19e-01
  0  0   1.18e-01
  0  0   1.17e-01
  0  0   1.14e-01
  0  0   1.09e-01
  0  0   1.00e-01
  0  0   8.83e-02
  0  0   7.55e-02
  1  3   6.78e-02
  0  0   6.78e-02
  0  0   6.78e-02
  0  0   6.78e-02
  0  0   6.78e-02
  0  0   6.78e-02
  0  0   6.78e-02
  0  0   6.78e-02
  0  0   6.78e-02
  0  0   6.78e-02
  0  0   6.78e-02
  0  0   6.77e-02
  0  0   6.76e-02
  0  0   6.75e-02
  0  0   6.73e-02
  0  0   6.70e-02
  0  0   6.65e-02
  0  0   6.58e-02
  0  0   6.47e-02
  0  0   6.31e-02
  0  0   6.11e-02
  0  0   5.86e-02
  0  0   5.59e-02
  1  4   7.93e-02
  0  0   7.93e-02
  0  0   7.93e-02
  0  0   7.92e-02
  0  0   7.92e-02
  0  0   7.92e-02
  0  0   7.92e-02
  0  0   7.92e-02
  0  0   7.91e-02
  0  0   7.91e-02
  0  0   7.90e-02
  0  0   7.88e-02
  0  0   7.85e-02
  0  0   7.81e-02
  0  0   7.74e-02
  0  0   7.64e-02
  0  0   7.47e-02
  0  0   7.23e-02
  0  0   6.88e-02
  0  0   6.38e-02
  0  0   5.72e-02
  0  0   4.92e-02
  0  0   4.04e-02
  1  5   1.11e-02
  0  0   1.11e-02
  0  0   1.11e-02
  0  0   1.11e-02
  0  0   1.11e-02
  0  0   1.11e-02
  0  0   1.11e-02
  0  0   1.11e-02
  0  0   1.11e-02
  0  0   1.11e-02
  0  0   1.11e-02
  0  0   1.10e-02
  0  0   1.10e-02
  0  0   1.09e-02
  0  0   1.08e-02
  0  0   1.07e-02
  0  0   1.04e-02
  0  0   1.01e-02
  0  0   9.53e-03
  0  0   8.80e-03
  0  0   7.82e-03
  0  0   6.64e-03
  0  0   5.37e-03
  1  6   2.39e-02
  0  0   2.39e-02
  0  0   2.39e-02
  0  0   2.39e-02
  0  0   2.39e-02
  0  0   2.39e-02
  0  0   2.39e-02
  0  0   2.39e-02
  0  0   2.38e-02
  0  0   2.38e-02
  0  0   2.38e-02
  0  0   2.37e-02
  0  0   2.37e-02
  0  0   2.35e-02
  0  0   2.33e-02
  0  0   2.30e-02
  0  0   2.26e-02
  0  0   2.19e-02
  0  0   2.08e-02
  0  0   1.94e-02
  0  0   1.75e-02
  0  0   1.53e-02
  0  0   1.28e-02
  2  3   3.70e-01
  0  0   3.70e-01
  0  0   3.70e-01
  0  0   3.70e-01
  0  0   3.70e-01
  0  0   3.70e-01
  0  0   3.70e-01
  0  0   3.70e-01
  0  0   3.69e-01
  0  0   3.69e-01
  0  0   3.69e-01
  0  0   3.68e-01
  0  0   3.67e-01
  0  0   3.65e-01
  0  0   3.63e-01
  0  0   3.58e-01
  0  0   3.52e-01
  0  0   3.43e-01
  0  0   3.29e-01
  0  0   3.11e-01
  0  0   2.87e-01
  0  0   2.59e-01
  0  0   2.31e-01
  2  4   2.41e-01
  0  0   2.41e-01
  0  0   2.41e-01
  0  0   2.41e-01
  0  0   2.41e-01
  0  0   2.41e-01
  0  0   2.41e-01
  0  0   2.41e-01
  0  0   2.41e-01
  0  0   2.41e-01
  0  0   2.40e-01
  0  0   2.40e-01
  0  0   2.39e-01
  0  0   2.38e-01
  0  0   2.36e-01
  0  0   2.32e-01
  0  0   2.27e-01
  0  0   2.20e-01
  0  0   2.09e-01
  0  0   1.94e-01
  0  0   1.74e-01
  0  0   1.50e-01
  0  0   1.23e-01
  2  5   3.44e-02
  0  0   3.44e-02
  0  0   3.44e-02
  0  0   3.44e-02
  0  0   3.44e-02
  0  0   3.44e-02
  0  0   3.44e-02
  0  0   3.43e-02
  0  0   3.43e-02
  0  0   3.43e-02
  0  0   3.42e-02
  0  0   3.42e-02
  0  0   3.40e-02
  0  0   3.38e-02
  0  0   3.35e-02
  0  0   3.30e-02
  0  0   3.23e-02
  0  0   3.11e-02
  0  0   2.95e-02
  0  0   2.72e-02
  0  0   2.42e-02
  0  0   2.06e-02
  0  0   1.66e-02
  2  6   7.14e-02
  0  0   7.14e-02
  0  0   7.14e-02
  0  0   7.14e-02
  0  0   7.14e-02
  0  0   7.14e-02
  0  0   7.14e-02
  0  0   7.13e-02
  0  0   7.13e-02
  0  0   7.12e-02
  0  0   7.12e-02
  0  0   7.10e-02
  0  0   7.08e-02
  0  0   7.04e-02
  0  0   6.98e-02
  0  0   6.89e-02
  0  0   6.75e-02
  0  0   6.55e-02
  0  0   6.24e-02
  0  0   5.82e-02
  0  0   5.26e-02
  0  0   4.58e-02
  0  0   3.83e-02
  3  4   4.18e-01
  0  0   4.18e-01
  0  0   4.18e-01
  0  0   4.18e-01
  0  0   4.17e-01
  0  0   4.17e-01
  0  0   4.17e-01
  0  0   4.17e-01
  0  0   4.17e-01
  0  0   4.17e-01
  0  0   4.16e-01
  0  0   4.15e-01
  0  0   4.14e-01
  0  0   4.11e-01
  0  0   4.08e-01
  0  0   4.02e-01
  0  0   3.94e-01
  0  0   3.81e-01
  0  0   3.62e-01
  0  0   3.36e-01
  0  0   3.02e-01
  0  0   2.60e-01
  0  0   2.14e-01
  3  5   5.99e-02
  0  0   5.99e-02
  0  0   5.99e-02
  0  0   5.99e-02
  0  0   5.99e-02
  0  0   5.99e-02
  0  0   5.99e-02
  0  0   5.98e-02
  0  0   5.98e-02
  0  0   5.97e-02
  0  0   5.97e-02
  0  0   5.95e-02
  0  0   5.93e-02
  0  0   5.89e-02
  0  0   5.84e-02
  0  0   5.75e-02
  0  0   5.62e-02
  0  0   5.43e-02
  0  0   5.14e-02
  0  0   4.75e-02
  0  0   4.23e-02
  0  0   3.59e-02
  0  0   2.90e-02
  3  6   1.18e-01
  0  0   1.18e-01
  0  0   1.18e-01
  0  0   1.18e-01
  0  0   1.18e-01
  0  0   1.18e-01
  0  0   1.18e-01
  0  0   1.18e-01
  0  0   1.18e-01
  0  0   1.18e-01
  0  0   1.18e-01
  0  0   1.17e-01
  0  0   1.17e-01
  0  0   1.16e-01
  0  0   1.15e-01
  0  0   1.14e-01
  0  0   1.12e-01
  0  0   1.08e-01
  0  0   1.03e-01
  0  0   9.62e-02
  0  0   8.69e-02
  0  0   7.57e-02
  0  0   6.35e-02
  4  5   1.05e-01
  0  0   1.05e-01
  0  0   1.05e-01
  0  0   1.05e-01
  0  0   1.05e-01
  0  0   1.05e-01
  0  0   1.05e-01
  0  0   1.05e-01
  0  0   1.05e-01
  0  0   1.05e-01
  0  0   1.05e-01
  0  0   1.05e-01
  0  0   1.05e-01
  0  0   1.06e-01
  0  0   1.07e-01
  0  0   1.08e-01
  0  0   1.09e-01
  0  0   1.12e-01
  0  0   1.15e-01
  0  0   1.20e-01
  0  0   1.27e-01
  0  0   1.35e-01
  0  0   1.45e-01
  4  6   1.02e-04
  0  0   1.02e-04
  0  0   1.02e-04
  0  0   1.02e-04
  0  0   1.02e-04
  0  0   1.02e-04
  0  0   1.02e-04
  0  0   1.02e-04
  0  0   1.02e-04
  0  0   1.02e-04
  0  0   1.02e-04
  0  0   1.01e-04
  0  0   1.01e-04
  0  0   1.01e-04
  0  0   9.97e-05
  0  0   9.85e-05
  0  0   9.66e-05
  0  0   9.37e-05
  0  0   8.95e-05
  0  0   8.35e-05
  0  0   7.56e-05
  0  0   6.60e-05
  0  0   5.54e-05
  5  6   4.89e-06
  0  0   4.89e-06
  0  0   4.89e-06
  0  0   4.89e-06
  0  0   4.89e-06
  0  0   4.89e-06
  0  0   4.89e-06
  0  0   4.89e-06
  0  0   4.89e-06
  0  0   4.89e-06
  0  0   4.88e-06
  0  0   4.87e-06
  0  0   4.86e-06
  0  0   4.84e-06
  0  0   4.81e-06
  0  0   4.77e-06
  0  0   4.69e-06
  0  0   4.59e-06
  0  0   4.42e-06
  0  0   4.19e-06
  0  0   3.86e-06
  0  0   3.44e-06
  0  0   2.93e-06
 0 0 0
  1  2   2.550e-02
  1  3   2.500e-07
  1  4   2.690e-04
  1  5   0.000e+00
  1  6   0.000e+00
  2  3   8.240e-02
  2  4   1.169e+00
  2  5   3.650e+01
  2  6   1.180e+04
  3  4   3.107e+00
  3  5   2.360e-02
  3  6   3.210e+04
  4  5   1.930e+00
  4  6   5.540e+00
  5  6   0.000e+00
  1  1        0.0
  2  3     1118.0
  3  5     2933.0
  4  5    40957.0
  5  1    85163.0
  6  5   118115.0
