 18
** Atomic data from version 5.2 of the CHIANTI database **
%observed energy levels: Edlen, B., 1983, Phys. Scr., 28, 51
%theoretical energy levels: Landi, E., 2005, A&A, 434, 365
%produced as part of the Arcetri/Cambridge/NRL atomic 'CHIANTI' data base collaboration
%
% E. Landi - 2003
%observed energy levels: Edlen, B., 1983, Phys. Scr., 28, 51
%A values and oscillator strengths: Landi, E. 2005, A&A, 434, 365
%produced as part of the Arcetri/Cambridge/NRL 'CHIANTI' atomic data base collaboration
%
% E. Landi - Apr 2003

%filename: mn_18.splups
%Oscillator strengths: Zhang, H.L., Sampson, D.H., 2002, ADNDT, 82, 357
%Collision strengths: Zhang, H.L., Sampson, D.H., 2002, ADNDT, 82, 357
%produced as part of the Arcetri/Cambridge/NRL 'CHIANTI' atomic data base collaboration
%
% Enrico Landi - Mar 2003
 5 23 0
  1  2s2.2p4 3P2
  2  2s2.2p4 3P0
  3  2s2.2p4 3P1
  4  2s2.2p4 1D2
  5  2s2.2p4 1S0
     100.0
     158.5
     251.2
     398.1
     631.0
    1000.0
    1584.9
    2511.9
    3981.1
    6309.6
   10000.0
   15848.9
   25118.9
   39810.7
   63095.8
  100000.0
  158489.2
  251188.7
  398107.1
  630957.6
 1000000.0
 1584892.5
 2511887.0
0
  1  2   1.65e-02
  0  0   1.65e-02
  0  0   1.65e-02
  0  0   1.65e-02
  0  0   1.65e-02
  0  0   1.65e-02
  0  0   1.65e-02
  0  0   1.65e-02
  0  0   1.65e-02
  0  0   1.65e-02
  0  0   1.65e-02
  0  0   1.64e-02
  0  0   1.64e-02
  0  0   1.64e-02
  0  0   1.64e-02
  0  0   1.64e-02
  0  0   1.64e-02
  0  0   1.63e-02
  0  0   1.62e-02
  0  0   1.60e-02
  0  0   1.58e-02
  0  0   1.55e-02
  0  0   1.50e-02
  1  3   5.51e-02
  0  0   5.51e-02
  0  0   5.51e-02
  0  0   5.51e-02
  0  0   5.51e-02
  0  0   5.51e-02
  0  0   5.51e-02
  0  0   5.51e-02
  0  0   5.51e-02
  0  0   5.51e-02
  0  0   5.50e-02
  0  0   5.50e-02
  0  0   5.50e-02
  0  0   5.50e-02
  0  0   5.49e-02
  0  0   5.48e-02
  0  0   5.46e-02
  0  0   5.43e-02
  0  0   5.38e-02
  0  0   5.31e-02
  0  0   5.20e-02
  0  0   5.04e-02
  0  0   4.82e-02
  1  4   6.64e-02
  0  0   6.64e-02
  0  0   6.64e-02
  0  0   6.64e-02
  0  0   6.64e-02
  0  0   6.64e-02
  0  0   6.64e-02
  0  0   6.64e-02
  0  0   6.64e-02
  0  0   6.64e-02
  0  0   6.64e-02
  0  0   6.64e-02
  0  0   6.63e-02
  0  0   6.62e-02
  0  0   6.61e-02
  0  0   6.59e-02
  0  0   6.56e-02
  0  0   6.52e-02
  0  0   6.45e-02
  0  0   6.34e-02
  0  0   6.18e-02
  0  0   5.93e-02
  0  0   5.59e-02
  1  5   5.06e-03
  0  0   5.06e-03
  0  0   5.06e-03
  0  0   5.06e-03
  0  0   5.06e-03
  0  0   5.06e-03
  0  0   5.06e-03
  0  0   5.06e-03
  0  0   5.06e-03
  0  0   5.06e-03
  0  0   5.06e-03
  0  0   5.06e-03
  0  0   5.05e-03
  0  0   5.05e-03
  0  0   5.04e-03
  0  0   5.02e-03
  0  0   4.99e-03
  0  0   4.95e-03
  0  0   4.88e-03
  0  0   4.78e-03
  0  0   4.62e-03
  0  0   4.39e-03
  0  0   4.07e-03
  2  3   2.07e-02
  0  0   2.07e-02
  0  0   2.07e-02
  0  0   2.07e-02
  0  0   2.07e-02
  0  0   2.07e-02
  0  0   2.07e-02
  0  0   2.07e-02
  0  0   2.07e-02
  0  0   2.07e-02
  0  0   2.07e-02
  0  0   2.07e-02
  0  0   2.07e-02
  0  0   2.07e-02
  0  0   2.06e-02
  0  0   2.06e-02
  0  0   2.05e-02
  0  0   2.03e-02
  0  0   2.01e-02
  0  0   1.97e-02
  0  0   1.91e-02
  0  0   1.83e-02
  0  0   1.71e-02
  2  4   1.54e-02
  0  0   1.54e-02
  0  0   1.54e-02
  0  0   1.54e-02
  0  0   1.54e-02
  0  0   1.54e-02
  0  0   1.54e-02
  0  0   1.54e-02
  0  0   1.54e-02
  0  0   1.54e-02
  0  0   1.54e-02
  0  0   1.54e-02
  0  0   1.53e-02
  0  0   1.53e-02
  0  0   1.53e-02
  0  0   1.53e-02
  0  0   1.52e-02
  0  0   1.51e-02
  0  0   1.49e-02
  0  0   1.47e-02
  0  0   1.43e-02
  0  0   1.38e-02
  0  0   1.30e-02
  2  5   1.82e-03
  0  0   1.82e-03
  0  0   1.82e-03
  0  0   1.82e-03
  0  0   1.82e-03
  0  0   1.82e-03
  0  0   1.82e-03
  0  0   1.82e-03
  0  0   1.82e-03
  0  0   1.82e-03
  0  0   1.82e-03
  0  0   1.82e-03
  0  0   1.81e-03
  0  0   1.81e-03
  0  0   1.81e-03
  0  0   1.80e-03
  0  0   1.79e-03
  0  0   1.77e-03
  0  0   1.75e-03
  0  0   1.71e-03
  0  0   1.65e-03
  0  0   1.57e-03
  0  0   1.45e-03
  3  4   5.02e-02
  0  0   5.02e-02
  0  0   5.02e-02
  0  0   5.02e-02
  0  0   5.02e-02
  0  0   5.02e-02
  0  0   5.02e-02
  0  0   5.02e-02
  0  0   5.02e-02
  0  0   5.01e-02
  0  0   5.01e-02
  0  0   5.01e-02
  0  0   5.01e-02
  0  0   5.00e-02
  0  0   4.99e-02
  0  0   4.98e-02
  0  0   4.95e-02
  0  0   4.91e-02
  0  0   4.86e-02
  0  0   4.77e-02
  0  0   4.63e-02
  0  0   4.42e-02
  0  0   4.13e-02
  3  5   1.11e-02
  0  0   1.11e-02
  0  0   1.11e-02
  0  0   1.11e-02
  0  0   1.11e-02
  0  0   1.11e-02
  0  0   1.11e-02
  0  0   1.11e-02
  0  0   1.11e-02
  0  0   1.11e-02
  0  0   1.11e-02
  0  0   1.11e-02
  0  0   1.11e-02
  0  0   1.11e-02
  0  0   1.11e-02
  0  0   1.10e-02
  0  0   1.10e-02
  0  0   1.09e-02
  0  0   1.07e-02
  0  0   1.05e-02
  0  0   1.01e-02
  0  0   9.65e-03
  0  0   8.95e-03
  4  5   2.49e-02
  0  0   2.49e-02
  0  0   2.49e-02
  0  0   2.49e-02
  0  0   2.49e-02
  0  0   2.49e-02
  0  0   2.49e-02
  0  0   2.49e-02
  0  0   2.49e-02
  0  0   2.49e-02
  0  0   2.49e-02
  0  0   2.49e-02
  0  0   2.49e-02
  0  0   2.49e-02
  0  0   2.49e-02
  0  0   2.49e-02
  0  0   2.49e-02
  0  0   2.50e-02
  0  0   2.50e-02
  0  0   2.50e-02
  0  0   2.50e-02
  0  0   2.51e-02
  0  0   2.52e-02
 0 0 0
  1  2   3.134e-01
  1  3   8.306e+03
  1  4   1.030e+04
  1  5   6.110e+00
  2  3   5.835e+00
  2  4   4.196e-02
  2  5   0.000e+00
  3  4   4.976e+02
  3  5   9.180e+04
  4  5   3.629e+01
  1  5        0.0
  2  1    66505.0
  3  3    73800.0
  4  5   150851.0
  5  1   291899.0
