 20
** Atomic data from version 5.2 of the CHIANTI database **
%Observed energy levels: Edlen, 1984, Phys.Scripta, 30, 135 
%Theoretical energy levels (1-15): Zhang, Sampson, ADNDT, 1999, 72, 153
% produced as part of the Arcetri/Cambridge/NRL 'CHIANTI' atomic data base collaboration
% 
% G. Del Zanna, May 2001.
% Experimental energy levels (1 - 15): Edlen, 1984, Phys.Scripta, 30, 135
% gf values for transitions between the (1 - 15) levels: Zhang, Sampson, 1999, ADNDT, 72, 153
% A values for transitions indicated with "M": Merkelis et al., 1999, Physica Scripta 59,122
% A values for transitions indicated with "ZS": Zhang, Sampson, 1999, ADNDT, 72, 153
%produced as part of the Arcetri/Cambridge/NRL atomic data base collaboration
%
% G. Del Zanna, May 2001.

%filename: mn_19.splups
%oscillator strengths: Zhang, Sampson, 1999, ADNDT, 72, 153
%collision strengths: Zhang, Sampson, 1999, ADNDT, 72, 153
%produced as part of the Arcetri/Cambridge/NRL 'CHIANTI' atomic data base collaboration
%
% G. Del Zanna, May 2001.
 5 23 0
  1  2s2.2p3 4S3/2
  2  2s2.2p3 2D3/2
  3  2s2.2p3 2D5/2
  4  2s2.2p3 2P1/2
  5  2s2.2p3 2P3/2
     100.0
     158.5
     251.2
     398.1
     631.0
    1000.0
    1584.9
    2511.9
    3981.1
    6309.6
   10000.0
   15848.9
   25118.9
   39810.7
   63095.8
  100000.0
  158489.2
  251188.7
  398107.1
  630957.6
 1000000.0
 1584892.5
 2511887.0
0
  1  2   4.48e-02
  0  0   4.48e-02
  0  0   4.48e-02
  0  0   4.48e-02
  0  0   4.48e-02
  0  0   4.48e-02
  0  0   4.48e-02
  0  0   4.48e-02
  0  0   4.48e-02
  0  0   4.48e-02
  0  0   4.47e-02
  0  0   4.47e-02
  0  0   4.47e-02
  0  0   4.47e-02
  0  0   4.46e-02
  0  0   4.45e-02
  0  0   4.43e-02
  0  0   4.40e-02
  0  0   4.35e-02
  0  0   4.28e-02
  0  0   4.17e-02
  0  0   4.01e-02
  0  0   3.76e-02
  1  3   5.24e-02
  0  0   5.24e-02
  0  0   5.24e-02
  0  0   5.24e-02
  0  0   5.24e-02
  0  0   5.24e-02
  0  0   5.24e-02
  0  0   5.24e-02
  0  0   5.24e-02
  0  0   5.24e-02
  0  0   5.24e-02
  0  0   5.24e-02
  0  0   5.24e-02
  0  0   5.23e-02
  0  0   5.22e-02
  0  0   5.21e-02
  0  0   5.19e-02
  0  0   5.16e-02
  0  0   5.11e-02
  0  0   5.03e-02
  0  0   4.91e-02
  0  0   4.73e-02
  0  0   4.47e-02
  1  4   1.27e-02
  0  0   1.27e-02
  0  0   1.27e-02
  0  0   1.27e-02
  0  0   1.27e-02
  0  0   1.27e-02
  0  0   1.27e-02
  0  0   1.27e-02
  0  0   1.27e-02
  0  0   1.27e-02
  0  0   1.27e-02
  0  0   1.27e-02
  0  0   1.27e-02
  0  0   1.27e-02
  0  0   1.26e-02
  0  0   1.26e-02
  0  0   1.25e-02
  0  0   1.24e-02
  0  0   1.23e-02
  0  0   1.20e-02
  0  0   1.17e-02
  0  0   1.11e-02
  0  0   1.03e-02
  1  5   1.60e-02
  0  0   1.60e-02
  0  0   1.60e-02
  0  0   1.60e-02
  0  0   1.60e-02
  0  0   1.60e-02
  0  0   1.60e-02
  0  0   1.60e-02
  0  0   1.60e-02
  0  0   1.60e-02
  0  0   1.60e-02
  0  0   1.60e-02
  0  0   1.60e-02
  0  0   1.59e-02
  0  0   1.59e-02
  0  0   1.58e-02
  0  0   1.58e-02
  0  0   1.56e-02
  0  0   1.54e-02
  0  0   1.51e-02
  0  0   1.46e-02
  0  0   1.39e-02
  0  0   1.29e-02
  2  3   6.65e-02
  0  0   6.65e-02
  0  0   6.65e-02
  0  0   6.65e-02
  0  0   6.65e-02
  0  0   6.65e-02
  0  0   6.65e-02
  0  0   6.65e-02
  0  0   6.65e-02
  0  0   6.64e-02
  0  0   6.64e-02
  0  0   6.64e-02
  0  0   6.64e-02
  0  0   6.63e-02
  0  0   6.62e-02
  0  0   6.60e-02
  0  0   6.58e-02
  0  0   6.54e-02
  0  0   6.48e-02
  0  0   6.38e-02
  0  0   6.23e-02
  0  0   6.01e-02
  0  0   5.70e-02
  2  4   2.38e-02
  0  0   2.38e-02
  0  0   2.38e-02
  0  0   2.38e-02
  0  0   2.38e-02
  0  0   2.38e-02
  0  0   2.38e-02
  0  0   2.38e-02
  0  0   2.38e-02
  0  0   2.38e-02
  0  0   2.38e-02
  0  0   2.38e-02
  0  0   2.38e-02
  0  0   2.38e-02
  0  0   2.38e-02
  0  0   2.38e-02
  0  0   2.38e-02
  0  0   2.38e-02
  0  0   2.38e-02
  0  0   2.37e-02
  0  0   2.37e-02
  0  0   2.35e-02
  0  0   2.34e-02
  2  5   2.92e-02
  0  0   2.92e-02
  0  0   2.92e-02
  0  0   2.92e-02
  0  0   2.92e-02
  0  0   2.92e-02
  0  0   2.92e-02
  0  0   2.92e-02
  0  0   2.92e-02
  0  0   2.92e-02
  0  0   2.92e-02
  0  0   2.91e-02
  0  0   2.91e-02
  0  0   2.91e-02
  0  0   2.91e-02
  0  0   2.90e-02
  0  0   2.89e-02
  0  0   2.87e-02
  0  0   2.85e-02
  0  0   2.81e-02
  0  0   2.76e-02
  0  0   2.67e-02
  0  0   2.54e-02
  3  4   2.56e-02
  0  0   2.56e-02
  0  0   2.56e-02
  0  0   2.56e-02
  0  0   2.56e-02
  0  0   2.56e-02
  0  0   2.56e-02
  0  0   2.56e-02
  0  0   2.56e-02
  0  0   2.56e-02
  0  0   2.56e-02
  0  0   2.56e-02
  0  0   2.56e-02
  0  0   2.56e-02
  0  0   2.55e-02
  0  0   2.55e-02
  0  0   2.55e-02
  0  0   2.54e-02
  0  0   2.54e-02
  0  0   2.52e-02
  0  0   2.50e-02
  0  0   2.47e-02
  0  0   2.43e-02
  3  5   6.32e-02
  0  0   6.32e-02
  0  0   6.32e-02
  0  0   6.32e-02
  0  0   6.32e-02
  0  0   6.32e-02
  0  0   6.32e-02
  0  0   6.32e-02
  0  0   6.32e-02
  0  0   6.32e-02
  0  0   6.32e-02
  0  0   6.32e-02
  0  0   6.32e-02
  0  0   6.32e-02
  0  0   6.32e-02
  0  0   6.31e-02
  0  0   6.31e-02
  0  0   6.30e-02
  0  0   6.28e-02
  0  0   6.25e-02
  0  0   6.21e-02
  0  0   6.15e-02
  0  0   6.06e-02
  4  5   2.46e-02
  0  0   2.46e-02
  0  0   2.46e-02
  0  0   2.46e-02
  0  0   2.46e-02
  0  0   2.46e-02
  0  0   2.46e-02
  0  0   2.46e-02
  0  0   2.46e-02
  0  0   2.46e-02
  0  0   2.46e-02
  0  0   2.46e-02
  0  0   2.46e-02
  0  0   2.46e-02
  0  0   2.46e-02
  0  0   2.45e-02
  0  0   2.44e-02
  0  0   2.43e-02
  0  0   2.41e-02
  0  0   2.38e-02
  0  0   2.34e-02
  0  0   2.27e-02
  0  0   2.16e-02
 0 0 0
  1  2   9.201e+03
  1  3   6.111e+02
  1  4   1.890e+04
  1  5   2.130e+04
  2  3   2.300e+02
  2  4   4.214e+03
  2  5   2.410e+04
  3  4   6.390e-01
  3  5   7.259e+03
  4  5   7.500e+02
  1  4        0.0
  2  4   131816.0
  3  6   162671.0
  4  2   242389.0
  5  4   291996.0
