 19
** Atomic data from version 5.2 of the CHIANTI database **
%observed energy levels: Edlen, B., 1985, Phys. Scr., 31, 345.
%theoretical energy levels: Zhang, Sampson, ADNDT, 1996, 63, 275.
% produced as part of the Arcetri/Cambridge/NRL 'CHIANTI' atomic data base collaboration
%
% Enrico Landi 2000
%observed energy levels: Edlen, B., 1985, Phys. Scr., 31, 345.
%Allowed transitions oscillator strengths: Zhang, Sampson, 1996, ADNDT, 63, 275
%Transitions between the ground levels: Galavis etal, 1997, A&ASS, 123, 159
% produced as part of the Arcetri/Cambridge/NRL 'CHIANTI' atomic data base collaboration
%
%Enrico Landi - 2000

%filename: ni_23.splups
%oscillator strengths: Zhang, Sampson, ADNDT, 1996, 63, 275
%collision strengths: Zhang, Sampson, ADNDT, 1996, 63, 275
% produced as part of the Arcetri/Cambridge/NRL 'CHIANTI' atomic data base collaboration
%
% Enrico Landi 1997
 6 23 0
  1  2s2.2p2 3P0
  2  2s2.2p2 3P1
  3  2s2.2p2 3P2
  4  2s2.2p2 1D2
  5  2s2.2p2 1S0
  6  2s.2p3 5S2
     100.0
     158.5
     251.2
     398.1
     631.0
    1000.0
    1584.9
    2511.9
    3981.1
    6309.6
   10000.0
   15848.9
   25118.9
   39810.7
   63095.8
  100000.0
  158489.2
  251188.7
  398107.1
  630957.6
 1000000.0
 1584892.5
 2511887.0
0
  1  2   1.56e-02
  0  0   1.56e-02
  0  0   1.56e-02
  0  0   1.56e-02
  0  0   1.56e-02
  0  0   1.56e-02
  0  0   1.56e-02
  0  0   1.56e-02
  0  0   1.56e-02
  0  0   1.56e-02
  0  0   1.56e-02
  0  0   1.56e-02
  0  0   1.55e-02
  0  0   1.55e-02
  0  0   1.55e-02
  0  0   1.55e-02
  0  0   1.54e-02
  0  0   1.53e-02
  0  0   1.52e-02
  0  0   1.50e-02
  0  0   1.47e-02
  0  0   1.42e-02
  0  0   1.35e-02
  1  3   1.51e-02
  0  0   1.51e-02
  0  0   1.51e-02
  0  0   1.51e-02
  0  0   1.51e-02
  0  0   1.51e-02
  0  0   1.51e-02
  0  0   1.51e-02
  0  0   1.51e-02
  0  0   1.51e-02
  0  0   1.51e-02
  0  0   1.51e-02
  0  0   1.51e-02
  0  0   1.51e-02
  0  0   1.51e-02
  0  0   1.50e-02
  0  0   1.50e-02
  0  0   1.50e-02
  0  0   1.49e-02
  0  0   1.48e-02
  0  0   1.47e-02
  0  0   1.44e-02
  0  0   1.41e-02
  1  4   2.11e-03
  0  0   2.11e-03
  0  0   2.11e-03
  0  0   2.11e-03
  0  0   2.11e-03
  0  0   2.11e-03
  0  0   2.11e-03
  0  0   2.11e-03
  0  0   2.11e-03
  0  0   2.11e-03
  0  0   2.11e-03
  0  0   2.11e-03
  0  0   2.11e-03
  0  0   2.11e-03
  0  0   2.11e-03
  0  0   2.10e-03
  0  0   2.09e-03
  0  0   2.08e-03
  0  0   2.06e-03
  0  0   2.03e-03
  0  0   1.99e-03
  0  0   1.92e-03
  0  0   1.82e-03
  1  5   3.38e-04
  0  0   3.38e-04
  0  0   3.38e-04
  0  0   3.38e-04
  0  0   3.38e-04
  0  0   3.38e-04
  0  0   3.38e-04
  0  0   3.38e-04
  0  0   3.38e-04
  0  0   3.37e-04
  0  0   3.37e-04
  0  0   3.37e-04
  0  0   3.37e-04
  0  0   3.37e-04
  0  0   3.36e-04
  0  0   3.35e-04
  0  0   3.34e-04
  0  0   3.32e-04
  0  0   3.29e-04
  0  0   3.24e-04
  0  0   3.16e-04
  0  0   3.05e-04
  0  0   2.89e-04
  1  6   2.95e-03
  0  0   2.95e-03
  0  0   2.95e-03
  0  0   2.95e-03
  0  0   2.95e-03
  0  0   2.95e-03
  0  0   2.95e-03
  0  0   2.95e-03
  0  0   2.95e-03
  0  0   2.95e-03
  0  0   2.95e-03
  0  0   2.95e-03
  0  0   2.95e-03
  0  0   2.95e-03
  0  0   2.94e-03
  0  0   2.94e-03
  0  0   2.93e-03
  0  0   2.92e-03
  0  0   2.90e-03
  0  0   2.87e-03
  0  0   2.82e-03
  0  0   2.75e-03
  0  0   2.64e-03
  2  3   4.29e-02
  0  0   4.29e-02
  0  0   4.29e-02
  0  0   4.29e-02
  0  0   4.29e-02
  0  0   4.29e-02
  0  0   4.29e-02
  0  0   4.29e-02
  0  0   4.29e-02
  0  0   4.29e-02
  0  0   4.29e-02
  0  0   4.28e-02
  0  0   4.28e-02
  0  0   4.28e-02
  0  0   4.28e-02
  0  0   4.27e-02
  0  0   4.26e-02
  0  0   4.24e-02
  0  0   4.21e-02
  0  0   4.16e-02
  0  0   4.09e-02
  0  0   3.99e-02
  0  0   3.84e-02
  2  4   2.50e-02
  0  0   2.50e-02
  0  0   2.50e-02
  0  0   2.50e-02
  0  0   2.50e-02
  0  0   2.50e-02
  0  0   2.50e-02
  0  0   2.50e-02
  0  0   2.50e-02
  0  0   2.50e-02
  0  0   2.50e-02
  0  0   2.50e-02
  0  0   2.50e-02
  0  0   2.50e-02
  0  0   2.49e-02
  0  0   2.49e-02
  0  0   2.48e-02
  0  0   2.47e-02
  0  0   2.45e-02
  0  0   2.42e-02
  0  0   2.38e-02
  0  0   2.31e-02
  0  0   2.21e-02
  2  5   4.36e-03
  0  0   4.36e-03
  0  0   4.36e-03
  0  0   4.36e-03
  0  0   4.36e-03
  0  0   4.36e-03
  0  0   4.36e-03
  0  0   4.36e-03
  0  0   4.36e-03
  0  0   4.36e-03
  0  0   4.36e-03
  0  0   4.36e-03
  0  0   4.35e-03
  0  0   4.35e-03
  0  0   4.34e-03
  0  0   4.33e-03
  0  0   4.31e-03
  0  0   4.29e-03
  0  0   4.25e-03
  0  0   4.18e-03
  0  0   4.08e-03
  0  0   3.93e-03
  0  0   3.72e-03
  2  6   1.59e-02
  0  0   1.59e-02
  0  0   1.59e-02
  0  0   1.59e-02
  0  0   1.59e-02
  0  0   1.59e-02
  0  0   1.59e-02
  0  0   1.59e-02
  0  0   1.59e-02
  0  0   1.59e-02
  0  0   1.59e-02
  0  0   1.59e-02
  0  0   1.59e-02
  0  0   1.59e-02
  0  0   1.59e-02
  0  0   1.59e-02
  0  0   1.59e-02
  0  0   1.59e-02
  0  0   1.59e-02
  0  0   1.59e-02
  0  0   1.60e-02
  0  0   1.60e-02
  0  0   1.61e-02
  3  4   5.43e-02
  0  0   5.43e-02
  0  0   5.43e-02
  0  0   5.43e-02
  0  0   5.43e-02
  0  0   5.43e-02
  0  0   5.43e-02
  0  0   5.43e-02
  0  0   5.43e-02
  0  0   5.42e-02
  0  0   5.42e-02
  0  0   5.42e-02
  0  0   5.42e-02
  0  0   5.42e-02
  0  0   5.41e-02
  0  0   5.40e-02
  0  0   5.39e-02
  0  0   5.37e-02
  0  0   5.34e-02
  0  0   5.30e-02
  0  0   5.22e-02
  0  0   5.11e-02
  0  0   4.95e-02
  3  5   7.40e-03
  0  0   7.40e-03
  0  0   7.40e-03
  0  0   7.40e-03
  0  0   7.40e-03
  0  0   7.40e-03
  0  0   7.40e-03
  0  0   7.40e-03
  0  0   7.40e-03
  0  0   7.40e-03
  0  0   7.40e-03
  0  0   7.40e-03
  0  0   7.39e-03
  0  0   7.39e-03
  0  0   7.39e-03
  0  0   7.38e-03
  0  0   7.37e-03
  0  0   7.34e-03
  0  0   7.31e-03
  0  0   7.26e-03
  0  0   7.18e-03
  0  0   7.06e-03
  0  0   6.88e-03
  3  6   1.85e-02
  0  0   1.85e-02
  0  0   1.85e-02
  0  0   1.85e-02
  0  0   1.85e-02
  0  0   1.85e-02
  0  0   1.85e-02
  0  0   1.85e-02
  0  0   1.85e-02
  0  0   1.85e-02
  0  0   1.85e-02
  0  0   1.85e-02
  0  0   1.85e-02
  0  0   1.85e-02
  0  0   1.85e-02
  0  0   1.85e-02
  0  0   1.85e-02
  0  0   1.85e-02
  0  0   1.85e-02
  0  0   1.85e-02
  0  0   1.86e-02
  0  0   1.86e-02
  0  0   1.87e-02
  4  5   1.78e-02
  0  0   1.78e-02
  0  0   1.78e-02
  0  0   1.78e-02
  0  0   1.78e-02
  0  0   1.78e-02
  0  0   1.78e-02
  0  0   1.78e-02
  0  0   1.78e-02
  0  0   1.78e-02
  0  0   1.78e-02
  0  0   1.78e-02
  0  0   1.78e-02
  0  0   1.78e-02
  0  0   1.78e-02
  0  0   1.78e-02
  0  0   1.78e-02
  0  0   1.78e-02
  0  0   1.78e-02
  0  0   1.78e-02
  0  0   1.78e-02
  0  0   1.78e-02
  0  0   1.78e-02
  4  6   3.76e-03
  0  0   3.76e-03
  0  0   3.76e-03
  0  0   3.76e-03
  0  0   3.76e-03
  0  0   3.76e-03
  0  0   3.76e-03
  0  0   3.76e-03
  0  0   3.76e-03
  0  0   3.76e-03
  0  0   3.76e-03
  0  0   3.76e-03
  0  0   3.76e-03
  0  0   3.76e-03
  0  0   3.76e-03
  0  0   3.76e-03
  0  0   3.76e-03
  0  0   3.77e-03
  0  0   3.77e-03
  0  0   3.78e-03
  0  0   3.79e-03
  0  0   3.82e-03
  0  0   3.85e-03
  5  6   1.59e-05
  0  0   1.59e-05
  0  0   1.59e-05
  0  0   1.59e-05
  0  0   1.59e-05
  0  0   1.59e-05
  0  0   1.59e-05
  0  0   1.59e-05
  0  0   1.59e-05
  0  0   1.59e-05
  0  0   1.59e-05
  0  0   1.59e-05
  0  0   1.59e-05
  0  0   1.59e-05
  0  0   1.59e-05
  0  0   1.58e-05
  0  0   1.58e-05
  0  0   1.57e-05
  0  0   1.56e-05
  0  0   1.54e-05
  0  0   1.51e-05
  0  0   1.47e-05
  0  0   1.41e-05
 0 0 0
  1  2   2.084e+04
  1  3   2.764e+00
  1  4   1.851e-01
  1  5   0.000e+00
  1  6   0.000e+00
  2  3   1.294e+03
  2  4   4.328e+04
  2  5   2.996e+05
  2  6   8.107e+07
  3  4   3.816e+04
  3  5   1.443e+02
  3  6   6.266e+07
  4  5   1.581e+01
  4  6   2.650e+06
  5  6   0.000e+00
  1  1        0.0
  2  3   109780.0
  3  5   161928.0
  4  5   324674.0
  5  1   464950.0
  6  5   586901.0
