 23
** Atomic data from version 5.2 of the CHIANTI database **
% observed energy levels: Martin, W.C., Sugar, J., Musgrove, A., Dalton, G.R., 1995, 
  NIST Database for Atomic Spectroscopy, Version 1.0, NIST Standard Reference Database 61
% Theoretical energy levels: Bhatia and Doscheck, 1999, ADNDT, 71, 69
% produced as part of the Arcetri/Cambridge/NRL 'CHIANTI' atomic data base collaboration
%
%   E. Landi 1998
%observed energy levels: Martin, W.C., Sugar, J., Musgrove, A., Dalton, G.R., 1995, 
   NIST Database for Atomic Spectroscopy, Version 1.0, NIST Standard Reference Database 61
%Theoretical energy levels: Bhatia and Doscheck, 1999, ADNDT, 71, 69
%Radiative data: Bhatia and Doscheck, 1999, ADNDT, 71, 69
%produced as part of the Arcetri/Cambridge/NRL 'CHIANTI' atomic data base collaboration
% 
%    E. Landi 1998

%filename: ni_16.splups
%oscillator strengths: Bhatia & Doscheck, 1999, ADNDT, 71, 69
%collision strengths: Bhatia & Doscheck, 1999, ADNDT, 71, 69
%comment: collision data for transitions involving level 21 have been added. They affect
          level populations only at electron densities higher than 10^11 cm^-3 (Jun 2003).
%produced as part of the Arcetri/Cambridge/NRL 'CHIANTI' atomic data base collaboration
% 
%  E. Landi - June 2003
 5 23 0
  1  3s2.3p 2P1/2
  2  3s2.3p 2P3/2
  3  3s.3p2 4P1/2
  4  3s.3p2 4P3/2
  5  3s.3p2 4P5/2
     100.0
     158.5
     251.2
     398.1
     631.0
    1000.0
    1584.9
    2511.9
    3981.1
    6309.6
   10000.0
   15848.9
   25118.9
   39810.7
   63095.8
  100000.0
  158489.2
  251188.7
  398107.1
  630957.6
 1000000.0
 1584892.5
 2511887.0
0
  1  2   1.87e-01
  0  0   1.87e-01
  0  0   1.87e-01
  0  0   1.87e-01
  0  0   1.87e-01
  0  0   1.87e-01
  0  0   1.87e-01
  0  0   1.87e-01
  0  0   1.87e-01
  0  0   1.87e-01
  0  0   1.87e-01
  0  0   1.87e-01
  0  0   1.87e-01
  0  0   1.86e-01
  0  0   1.86e-01
  0  0   1.86e-01
  0  0   1.85e-01
  0  0   1.84e-01
  0  0   1.82e-01
  0  0   1.80e-01
  0  0   1.76e-01
  0  0   1.71e-01
  0  0   1.66e-01
  1  3   1.92e-02
  0  0   1.92e-02
  0  0   1.92e-02
  0  0   1.92e-02
  0  0   1.92e-02
  0  0   1.92e-02
  0  0   1.92e-02
  0  0   1.92e-02
  0  0   1.92e-02
  0  0   1.92e-02
  0  0   1.92e-02
  0  0   1.92e-02
  0  0   1.92e-02
  0  0   1.92e-02
  0  0   1.92e-02
  0  0   1.92e-02
  0  0   1.91e-02
  0  0   1.90e-02
  0  0   1.89e-02
  0  0   1.88e-02
  0  0   1.86e-02
  0  0   1.84e-02
  0  0   1.83e-02
  1  4   1.61e-02
  0  0   1.61e-02
  0  0   1.61e-02
  0  0   1.61e-02
  0  0   1.61e-02
  0  0   1.61e-02
  0  0   1.61e-02
  0  0   1.61e-02
  0  0   1.61e-02
  0  0   1.61e-02
  0  0   1.60e-02
  0  0   1.60e-02
  0  0   1.60e-02
  0  0   1.59e-02
  0  0   1.58e-02
  0  0   1.57e-02
  0  0   1.55e-02
  0  0   1.51e-02
  0  0   1.46e-02
  0  0   1.38e-02
  0  0   1.28e-02
  0  0   1.14e-02
  0  0   9.93e-03
  1  5   1.34e-02
  0  0   1.34e-02
  0  0   1.34e-02
  0  0   1.34e-02
  0  0   1.34e-02
  0  0   1.34e-02
  0  0   1.34e-02
  0  0   1.34e-02
  0  0   1.34e-02
  0  0   1.34e-02
  0  0   1.34e-02
  0  0   1.34e-02
  0  0   1.33e-02
  0  0   1.33e-02
  0  0   1.32e-02
  0  0   1.30e-02
  0  0   1.28e-02
  0  0   1.25e-02
  0  0   1.20e-02
  0  0   1.13e-02
  0  0   1.04e-02
  0  0   9.36e-03
  0  0   8.11e-03
  2  3   9.25e-03
  0  0   9.25e-03
  0  0   9.25e-03
  0  0   9.25e-03
  0  0   9.25e-03
  0  0   9.25e-03
  0  0   9.25e-03
  0  0   9.25e-03
  0  0   9.25e-03
  0  0   9.25e-03
  0  0   9.25e-03
  0  0   9.25e-03
  0  0   9.24e-03
  0  0   9.24e-03
  0  0   9.24e-03
  0  0   9.23e-03
  0  0   9.22e-03
  0  0   9.21e-03
  0  0   9.18e-03
  0  0   9.16e-03
  0  0   9.13e-03
  0  0   9.11e-03
  0  0   9.13e-03
  2  4   2.26e-02
  0  0   2.26e-02
  0  0   2.26e-02
  0  0   2.26e-02
  0  0   2.26e-02
  0  0   2.26e-02
  0  0   2.26e-02
  0  0   2.26e-02
  0  0   2.26e-02
  0  0   2.26e-02
  0  0   2.26e-02
  0  0   2.26e-02
  0  0   2.26e-02
  0  0   2.25e-02
  0  0   2.24e-02
  0  0   2.23e-02
  0  0   2.22e-02
  0  0   2.19e-02
  0  0   2.14e-02
  0  0   2.08e-02
  0  0   1.99e-02
  0  0   1.86e-02
  0  0   1.71e-02
  2  5   6.34e-02
  0  0   6.34e-02
  0  0   6.34e-02
  0  0   6.34e-02
  0  0   6.34e-02
  0  0   6.34e-02
  0  0   6.34e-02
  0  0   6.34e-02
  0  0   6.34e-02
  0  0   6.33e-02
  0  0   6.33e-02
  0  0   6.33e-02
  0  0   6.33e-02
  0  0   6.32e-02
  0  0   6.31e-02
  0  0   6.29e-02
  0  0   6.26e-02
  0  0   6.22e-02
  0  0   6.17e-02
  0  0   6.08e-02
  0  0   5.97e-02
  0  0   5.84e-02
  0  0   5.71e-02
  3  4   7.28e-02
  0  0   7.28e-02
  0  0   7.28e-02
  0  0   7.28e-02
  0  0   7.28e-02
  0  0   7.28e-02
  0  0   7.28e-02
  0  0   7.28e-02
  0  0   7.27e-02
  0  0   7.27e-02
  0  0   7.27e-02
  0  0   7.26e-02
  0  0   7.25e-02
  0  0   7.23e-02
  0  0   7.20e-02
  0  0   7.15e-02
  0  0   7.07e-02
  0  0   6.96e-02
  0  0   6.78e-02
  0  0   6.51e-02
  0  0   6.12e-02
  0  0   5.60e-02
  0  0   4.98e-02
  3  5   1.63e-01
  0  0   1.63e-01
  0  0   1.63e-01
  0  0   1.63e-01
  0  0   1.63e-01
  0  0   1.63e-01
  0  0   1.63e-01
  0  0   1.63e-01
  0  0   1.63e-01
  0  0   1.63e-01
  0  0   1.63e-01
  0  0   1.63e-01
  0  0   1.63e-01
  0  0   1.63e-01
  0  0   1.63e-01
  0  0   1.62e-01
  0  0   1.62e-01
  0  0   1.61e-01
  0  0   1.60e-01
  0  0   1.59e-01
  0  0   1.57e-01
  0  0   1.54e-01
  0  0   1.51e-01
  4  5   2.78e-01
  0  0   2.78e-01
  0  0   2.78e-01
  0  0   2.78e-01
  0  0   2.78e-01
  0  0   2.78e-01
  0  0   2.78e-01
  0  0   2.78e-01
  0  0   2.78e-01
  0  0   2.78e-01
  0  0   2.78e-01
  0  0   2.78e-01
  0  0   2.78e-01
  0  0   2.77e-01
  0  0   2.77e-01
  0  0   2.76e-01
  0  0   2.74e-01
  0  0   2.71e-01
  0  0   2.68e-01
  0  0   2.62e-01
  0  0   2.54e-01
  0  0   2.45e-01
  0  0   2.35e-01
 0 0 0
  1  2   1.508e+02
  1  3   4.358e+07
  1  4   9.348e+05
  1  5   0.000e+00
  2  3   1.630e+07
  2  4   8.902e+06
  2  5   4.079e+07
  3  4   2.750e+01
  3  5   0.000e+00
  4  5   0.000e+00
  1  2        0.0
  2  4    27770.0
  3  2        0.0
  4  4        0.0
  5  6        0.0
