 21
** Atomic data from version 5.2 of the CHIANTI database **
%experimental energy levels: Edlen, B., 1983, Phys. Scripta, 28, 51
%theoretical energy levels 2s2p5, 2p6 conf.: Butler, K., Zeippen, C.J., 1994, AASS, 108, 1
%theoretical energy levels 2s22p4 conf.: Galavis, M.E., Mendoza, C., Zeippen, C.J., 1997, AASS, 123, 159
% produced as part of the Arcetri/Cambridge/NRL 'CHIANTI' atomic data base collaboration
% 
% E. Landi - May 2004
%experimental energy levels: Edlen, B., 1983, Phys. Scripta, 28, 51
%A values and oscillator strengths: E. Landi, 2005, A&A, 434, 365
% produced as part of the Arcetri/Cambridge/NRL 'CHIANTI' atomic data base collaboration
% 
% E. Landi - May 2004

%filename: na_4.splups
%oscillator strengths: interpolated using Ne III, Mg V, Si VII, S IX, Ar XI
%effective collision strengths ground conf.: Butler, K., Zeippen, C.J., 1994, AASS, 108, 1
%effective collision strengths 2s2p5, 2p6 conf.: interpolated using Ne III, Mg V, Si VII, S IX, Ar XI
%comment: effective collision strengths were provided in the temperature range 3.0 < Log T < 5.0
%produced as part of the Arcetri/Cambridge/NRL 'CHIANTI' atomic data base collaboration
%
% Enrico Landi 1997
 5 23 0
  1  2s2.2p4 3P2
  2  2s2.2p4 3P1
  3  2s2.2p4 3P0
  4  2s2.2p4 1D2
  5  2s2.2p4 1S0
     100.0
     158.5
     251.2
     398.1
     631.0
    1000.0
    1584.9
    2511.9
    3981.1
    6309.6
   10000.0
   15848.9
   25118.9
   39810.7
   63095.8
  100000.0
  158489.2
  251188.7
  398107.1
  630957.6
 1000000.0
 1584892.5
 2511887.0
0
  1  2   6.01e-01
  0  0   6.09e-01
  0  0   6.21e-01
  0  0   6.39e-01
  0  0   6.66e-01
  0  0   7.02e-01
  0  0   7.45e-01
  0  0   7.80e-01
  0  0   7.97e-01
  0  0   7.97e-01
  0  0   7.96e-01
  0  0   8.10e-01
  0  0   8.42e-01
  0  0   8.77e-01
  0  0   9.06e-01
  0  0   9.27e-01
  0  0   9.41e-01
  0  0   9.51e-01
  0  0   9.57e-01
  0  0   9.61e-01
  0  0   9.64e-01
  0  0   9.65e-01
  0  0   9.66e-01
  1  3   1.45e-01
  0  0   1.48e-01
  0  0   1.52e-01
  0  0   1.58e-01
  0  0   1.67e-01
  0  0   1.79e-01
  0  0   1.92e-01
  0  0   2.02e-01
  0  0   2.04e-01
  0  0   2.03e-01
  0  0   2.04e-01
  0  0   2.10e-01
  0  0   2.20e-01
  0  0   2.30e-01
  0  0   2.38e-01
  0  0   2.43e-01
  0  0   2.47e-01
  0  0   2.50e-01
  0  0   2.51e-01
  0  0   2.52e-01
  0  0   2.53e-01
  0  0   2.53e-01
  0  0   2.54e-01
  1  4   6.00e-01
  0  0   6.01e-01
  0  0   6.02e-01
  0  0   6.04e-01
  0  0   6.06e-01
  0  0   6.09e-01
  0  0   6.13e-01
  0  0   6.13e-01
  0  0   6.05e-01
  0  0   5.94e-01
  0  0   6.06e-01
  0  0   6.52e-01
  0  0   7.00e-01
  0  0   7.32e-01
  0  0   7.50e-01
  0  0   7.61e-01
  0  0   7.68e-01
  0  0   7.73e-01
  0  0   7.76e-01
  0  0   7.78e-01
  0  0   7.79e-01
  0  0   7.80e-01
  0  0   7.80e-01
  1  5   1.01e-01
  0  0   1.01e-01
  0  0   1.01e-01
  0  0   1.01e-01
  0  0   1.01e-01
  0  0   1.01e-01
  0  0   1.01e-01
  0  0   1.00e-01
  0  0   9.95e-02
  0  0   9.89e-02
  0  0   9.89e-02
  0  0   1.00e-01
  0  0   1.01e-01
  0  0   1.02e-01
  0  0   1.02e-01
  0  0   1.02e-01
  0  0   1.02e-01
  0  0   1.02e-01
  0  0   1.02e-01
  0  0   1.02e-01
  0  0   1.02e-01
  0  0   1.02e-01
  0  0   1.02e-01
  2  3   2.13e-01
  0  0   2.15e-01
  0  0   2.18e-01
  0  0   2.23e-01
  0  0   2.30e-01
  0  0   2.39e-01
  0  0   2.50e-01
  0  0   2.60e-01
  0  0   2.66e-01
  0  0   2.69e-01
  0  0   2.74e-01
  0  0   2.78e-01
  0  0   2.81e-01
  0  0   2.84e-01
  0  0   2.86e-01
  0  0   2.87e-01
  0  0   2.88e-01
  0  0   2.88e-01
  0  0   2.89e-01
  0  0   2.89e-01
  0  0   2.89e-01
  0  0   2.89e-01
  0  0   2.89e-01
  2  4   3.59e-01
  0  0   3.60e-01
  0  0   3.61e-01
  0  0   3.62e-01
  0  0   3.63e-01
  0  0   3.66e-01
  0  0   3.68e-01
  0  0   3.68e-01
  0  0   3.63e-01
  0  0   3.56e-01
  0  0   3.64e-01
  0  0   3.92e-01
  0  0   4.20e-01
  0  0   4.39e-01
  0  0   4.50e-01
  0  0   4.57e-01
  0  0   4.61e-01
  0  0   4.64e-01
  0  0   4.66e-01
  0  0   4.67e-01
  0  0   4.68e-01
  0  0   4.68e-01
  0  0   4.68e-01
  2  5   6.10e-02
  0  0   6.10e-02
  0  0   6.10e-02
  0  0   6.09e-02
  0  0   6.08e-02
  0  0   6.07e-02
  0  0   6.05e-02
  0  0   6.01e-02
  0  0   5.96e-02
  0  0   5.91e-02
  0  0   5.91e-02
  0  0   6.00e-02
  0  0   6.08e-02
  0  0   6.11e-02
  0  0   6.11e-02
  0  0   6.09e-02
  0  0   6.08e-02
  0  0   6.07e-02
  0  0   6.06e-02
  0  0   6.06e-02
  0  0   6.06e-02
  0  0   6.05e-02
  0  0   6.05e-02
  3  4   1.20e-01
  0  0   1.20e-01
  0  0   1.21e-01
  0  0   1.21e-01
  0  0   1.21e-01
  0  0   1.22e-01
  0  0   1.23e-01
  0  0   1.23e-01
  0  0   1.21e-01
  0  0   1.19e-01
  0  0   1.22e-01
  0  0   1.31e-01
  0  0   1.40e-01
  0  0   1.46e-01
  0  0   1.50e-01
  0  0   1.53e-01
  0  0   1.54e-01
  0  0   1.56e-01
  0  0   1.56e-01
  0  0   1.57e-01
  0  0   1.57e-01
  0  0   1.57e-01
  0  0   1.57e-01
  3  5   2.00e-02
  0  0   2.00e-02
  0  0   2.00e-02
  0  0   2.00e-02
  0  0   2.00e-02
  0  0   2.00e-02
  0  0   2.00e-02
  0  0   2.00e-02
  0  0   2.00e-02
  0  0   2.00e-02
  0  0   2.00e-02
  0  0   2.00e-02
  0  0   2.00e-02
  0  0   2.00e-02
  0  0   2.00e-02
  0  0   2.00e-02
  0  0   2.00e-02
  0  0   2.00e-02
  0  0   2.00e-02
  0  0   2.00e-02
  0  0   2.00e-02
  0  0   2.00e-02
  0  0   2.00e-02
  4  5   2.08e-01
  0  0   2.08e-01
  0  0   2.08e-01
  0  0   2.08e-01
  0  0   2.08e-01
  0  0   2.08e-01
  0  0   2.08e-01
  0  0   2.08e-01
  0  0   2.08e-01
  0  0   2.09e-01
  0  0   2.11e-01
  0  0   2.17e-01
  0  0   2.26e-01
  0  0   2.40e-01
  0  0   2.55e-01
  0  0   2.69e-01
  0  0   2.80e-01
  0  0   2.89e-01
  0  0   2.94e-01
  0  0   2.98e-01
  0  0   3.00e-01
  0  0   3.02e-01
  0  0   3.03e-01
 0 0 0
  1  2   3.048e-02
  1  3   1.820e-07
  1  4   5.925e-01
  1  5   8.670e-03
  2  3   5.562e-03
  2  4   1.769e-01
  2  5   8.261e+00
  3  4   3.661e-05
  3  5   0.000e+00
  4  5   3.600e+00
  1  5        0.0
  2  3     1107.0
  3  1     1576.0
  4  5    30841.0
  5  1    66496.0
