 30
** Atomic data from version 5.2 of the CHIANTI database **
%observed energy levels: Martin, W.C., Sugar, J., Musgrove, A., Dalton, G.R., 1995, 
   NIST Database for Atomic Spectroscopy, Version 1.0, NIST Standard Reference Database 61
%observed energy (level 9): Feldman et al., 1997, ApJS, 113, 195
%Theoretical energy levels (1 - 10): Zhang, Sampson, ADNDT, 1992 , 52, 143
%theoretical energy levels(11 - 46): Sampson, D.H., Goett, S.J., Clark, R.E.H., 1984, ADNDT, 30, 125
%produced as part of the Arcetri/Cambridge/NRL 'CHIANTI' atomic data base collaboration
%
%  K.P. Dere, Jan. 1996
%energy levels: Martin, W.C., Sugar, J., Musgrove, A., Dalton, G.R., 1995, 
   NIST Database for Atomic Spectroscopy, Version 1.0, NIST Standard Reference Database 61
%observed energy (level 9): Feldman et al., 1997, ApJS, 113, 195
%theoretical energy levels: Sampson, D.H., Goette, S.J., Clark, R.E.H., 1984, ADNDT, 30, 125
%oscillator strengths allowed transitions: Zhang, H., Sampson, D.H., 1992, ADNDT, 52, 43
%oscillator strengths forbidden transitions: Muhlethaler, Kastner, 1976, A&A, 48, 109
%produced as part of the Arcetri/Cambridge/NRL 'CHIANTI' atomic data base collaboration
%
% Enrico Landi and K.P. Dere, Jan 1996

%filename: ne_7.splups
%oscillator strengths: Zhang, H., Sampson, D.H., 1992, ADNDT, 52, 43
%effective collision strengths: Ramsbottom, Berrington, Bell, 1994, J.Phys.B, 27, L811
    and Ramsbottom, Berrington, Bell, 1995, ADNDT, 61, 105
%comment: effective collision strengths were provided in the temperature range 3.0 < Log T < 6.4
%         and have been fitted in the temperature range 4.0 < Log T < 6.4
%comment: added collisional data for transitions involving level 26. Effects on level populations
          are minimal for electron densities lower than 10^12 cm^-3 (Jun 2003).
% produced as part of the Arcetri/Cambridge/NRL 'CHIANTI' atomic data base collaboration
%
% E. Landi - Jun 2003
10 23 0
  1  2s2 1S0
  2  2s.2p 3P0
  3  2s.2p 3P1
  4  2s.2p 3P2
  5  2s.2p 1P1
  6  2p2 3P0
  7  2p2 3P1
  8  2p2 3P2
  9  2p2 1D2
 10  2p2 1S0
     100.0
     158.5
     251.2
     398.1
     631.0
    1000.0
    1584.9
    2511.9
    3981.1
    6309.6
   10000.0
   15848.9
   25118.9
   39810.7
   63095.8
  100000.0
  158489.2
  251188.7
  398107.1
  630957.6
 1000000.0
 1584892.5
 2511887.0
0
  1  2   2.76e-02
  0  0   2.76e-02
  0  0   2.76e-02
  0  0   2.76e-02
  0  0   2.75e-02
  0  0   2.75e-02
  0  0   2.75e-02
  0  0   2.74e-02
  0  0   2.72e-02
  0  0   2.70e-02
  0  0   2.67e-02
  0  0   2.62e-02
  0  0   2.55e-02
  0  0   2.45e-02
  0  0   2.33e-02
  0  0   2.19e-02
  0  0   2.06e-02
  0  0   2.00e-02
  0  0   1.95e-02
  0  0   1.83e-02
  0  0   1.61e-02
  0  0   1.34e-02
  0  0   1.05e-02
  1  3   8.71e-02
  0  0   8.71e-02
  0  0   8.71e-02
  0  0   8.70e-02
  0  0   8.69e-02
  0  0   8.68e-02
  0  0   8.66e-02
  0  0   8.62e-02
  0  0   8.57e-02
  0  0   8.48e-02
  0  0   8.36e-02
  0  0   8.16e-02
  0  0   7.88e-02
  0  0   7.50e-02
  0  0   7.02e-02
  0  0   6.52e-02
  0  0   6.15e-02
  0  0   6.02e-02
  0  0   5.91e-02
  0  0   5.48e-02
  0  0   4.87e-02
  0  0   4.21e-02
  0  0   3.42e-02
  1  4   1.36e-01
  0  0   1.36e-01
  0  0   1.36e-01
  0  0   1.36e-01
  0  0   1.36e-01
  0  0   1.36e-01
  0  0   1.36e-01
  0  0   1.35e-01
  0  0   1.35e-01
  0  0   1.34e-01
  0  0   1.32e-01
  0  0   1.30e-01
  0  0   1.27e-01
  0  0   1.22e-01
  0  0   1.16e-01
  0  0   1.09e-01
  0  0   1.03e-01
  0  0   1.00e-01
  0  0   9.74e-02
  0  0   9.18e-02
  0  0   8.12e-02
  0  0   6.76e-02
  0  0   5.50e-02
  1  5   1.82e+00
  0  0   1.82e+00
  0  0   1.82e+00
  0  0   1.82e+00
  0  0   1.82e+00
  0  0   1.82e+00
  0  0   1.83e+00
  0  0   1.83e+00
  0  0   1.83e+00
  0  0   1.84e+00
  0  0   1.85e+00
  0  0   1.86e+00
  0  0   1.88e+00
  0  0   1.91e+00
  0  0   1.94e+00
  0  0   1.96e+00
  0  0   1.97e+00
  0  0   1.99e+00
  0  0   2.05e+00
  0  0   2.17e+00
  0  0   2.34e+00
  0  0   2.55e+00
  0  0   2.81e+00
  1  6   5.55e-04
  0  0   5.55e-04
  0  0   5.55e-04
  0  0   5.55e-04
  0  0   5.56e-04
  0  0   5.56e-04
  0  0   5.56e-04
  0  0   5.57e-04
  0  0   5.57e-04
  0  0   5.58e-04
  0  0   5.60e-04
  0  0   5.63e-04
  0  0   5.67e-04
  0  0   5.74e-04
  0  0   5.85e-04
  0  0   6.03e-04
  0  0   6.35e-04
  0  0   6.93e-04
  0  0   7.63e-04
  0  0   7.84e-04
  0  0   7.11e-04
  0  0   5.87e-04
  0  0   4.62e-04
  1  7   1.90e-03
  0  0   1.90e-03
  0  0   1.90e-03
  0  0   1.90e-03
  0  0   1.90e-03
  0  0   1.90e-03
  0  0   1.90e-03
  0  0   1.90e-03
  0  0   1.89e-03
  0  0   1.89e-03
  0  0   1.88e-03
  0  0   1.86e-03
  0  0   1.84e-03
  0  0   1.82e-03
  0  0   1.79e-03
  0  0   1.79e-03
  0  0   1.88e-03
  0  0   2.10e-03
  0  0   2.31e-03
  0  0   2.33e-03
  0  0   2.12e-03
  0  0   1.77e-03
  0  0   1.37e-03
  1  8   2.84e-03
  0  0   2.84e-03
  0  0   2.84e-03
  0  0   2.84e-03
  0  0   2.84e-03
  0  0   2.85e-03
  0  0   2.85e-03
  0  0   2.85e-03
  0  0   2.85e-03
  0  0   2.85e-03
  0  0   2.86e-03
  0  0   2.87e-03
  0  0   2.88e-03
  0  0   2.90e-03
  0  0   2.94e-03
  0  0   3.01e-03
  0  0   3.16e-03
  0  0   3.46e-03
  0  0   3.83e-03
  0  0   3.92e-03
  0  0   3.55e-03
  0  0   2.93e-03
  0  0   2.29e-03
  1  9   4.26e-02
  0  0   4.26e-02
  0  0   4.26e-02
  0  0   4.26e-02
  0  0   4.26e-02
  0  0   4.26e-02
  0  0   4.26e-02
  0  0   4.26e-02
  0  0   4.26e-02
  0  0   4.27e-02
  0  0   4.28e-02
  0  0   4.29e-02
  0  0   4.31e-02
  0  0   4.33e-02
  0  0   4.37e-02
  0  0   4.42e-02
  0  0   4.47e-02
  0  0   4.51e-02
  0  0   4.48e-02
  0  0   4.32e-02
  0  0   4.05e-02
  0  0   3.72e-02
  0  0   3.41e-02
  1 10   1.12e-02
  0  0   1.12e-02
  0  0   1.12e-02
  0  0   1.12e-02
  0  0   1.12e-02
  0  0   1.12e-02
  0  0   1.12e-02
  0  0   1.13e-02
  0  0   1.13e-02
  0  0   1.13e-02
  0  0   1.14e-02
  0  0   1.15e-02
  0  0   1.16e-02
  0  0   1.18e-02
  0  0   1.21e-02
  0  0   1.26e-02
  0  0   1.32e-02
  0  0   1.40e-02
  0  0   1.47e-02
  0  0   1.47e-02
  0  0   1.36e-02
  0  0   1.28e-02
  0  0   1.31e-02
  2  3   6.19e-01
  0  0   6.19e-01
  0  0   6.18e-01
  0  0   6.18e-01
  0  0   6.18e-01
  0  0   6.17e-01
  0  0   6.16e-01
  0  0   6.14e-01
  0  0   6.12e-01
  0  0   6.08e-01
  0  0   6.02e-01
  0  0   5.92e-01
  0  0   5.78e-01
  0  0   5.57e-01
  0  0   5.26e-01
  0  0   4.83e-01
  0  0   4.29e-01
  0  0   3.70e-01
  0  0   3.23e-01
  0  0   2.89e-01
  0  0   2.51e-01
  0  0   2.06e-01
  0  0   1.66e-01
  2  4   7.10e-01
  0  0   7.10e-01
  0  0   7.10e-01
  0  0   7.10e-01
  0  0   7.10e-01
  0  0   7.09e-01
  0  0   7.09e-01
  0  0   7.07e-01
  0  0   7.05e-01
  0  0   7.02e-01
  0  0   6.98e-01
  0  0   6.91e-01
  0  0   6.79e-01
  0  0   6.62e-01
  0  0   6.37e-01
  0  0   5.98e-01
  0  0   5.40e-01
  0  0   4.62e-01
  0  0   3.79e-01
  0  0   3.15e-01
  0  0   2.63e-01
  0  0   2.10e-01
  0  0   1.61e-01
  2  5   8.93e-02
  0  0   8.93e-02
  0  0   8.92e-02
  0  0   8.92e-02
  0  0   8.91e-02
  0  0   8.90e-02
  0  0   8.88e-02
  0  0   8.86e-02
  0  0   8.82e-02
  0  0   8.75e-02
  0  0   8.65e-02
  0  0   8.50e-02
  0  0   8.27e-02
  0  0   7.94e-02
  0  0   7.52e-02
  0  0   7.03e-02
  0  0   6.61e-02
  0  0   6.29e-02
  0  0   5.97e-02
  0  0   5.47e-02
  0  0   4.67e-02
  0  0   3.75e-02
  0  0   2.94e-02
  2  6   1.16e-02
  0  0   1.16e-02
  0  0   1.16e-02
  0  0   1.16e-02
  0  0   1.16e-02
  0  0   1.16e-02
  0  0   1.16e-02
  0  0   1.16e-02
  0  0   1.15e-02
  0  0   1.15e-02
  0  0   1.14e-02
  0  0   1.13e-02
  0  0   1.12e-02
  0  0   1.10e-02
  0  0   1.07e-02
  0  0   1.04e-02
  0  0   1.03e-02
  0  0   1.04e-02
  0  0   1.04e-02
  0  0   9.96e-03
  0  0   8.89e-03
  0  0   7.51e-03
  0  0   6.18e-03
  2  7   9.46e-01
  0  0   9.46e-01
  0  0   9.46e-01
  0  0   9.46e-01
  0  0   9.46e-01
  0  0   9.46e-01
  0  0   9.47e-01
  0  0   9.47e-01
  0  0   9.47e-01
  0  0   9.48e-01
  0  0   9.49e-01
  0  0   9.51e-01
  0  0   9.54e-01
  0  0   9.58e-01
  0  0   9.64e-01
  0  0   9.69e-01
  0  0   9.76e-01
  0  0   9.90e-01
  0  0   1.02e+00
  0  0   1.07e+00
  0  0   1.15e+00
  0  0   1.25e+00
  0  0   1.38e+00
  2  8   1.93e-02
  0  0   1.93e-02
  0  0   1.92e-02
  0  0   1.92e-02
  0  0   1.92e-02
  0  0   1.92e-02
  0  0   1.92e-02
  0  0   1.91e-02
  0  0   1.90e-02
  0  0   1.89e-02
  0  0   1.87e-02
  0  0   1.83e-02
  0  0   1.79e-02
  0  0   1.72e-02
  0  0   1.65e-02
  0  0   1.60e-02
  0  0   1.62e-02
  0  0   1.72e-02
  0  0   1.84e-02
  0  0   1.85e-02
  0  0   1.67e-02
  0  0   1.41e-02
  0  0   1.16e-02
  2  9   2.38e-02
  0  0   2.38e-02
  0  0   2.38e-02
  0  0   2.38e-02
  0  0   2.38e-02
  0  0   2.38e-02
  0  0   2.38e-02
  0  0   2.37e-02
  0  0   2.37e-02
  0  0   2.37e-02
  0  0   2.36e-02
  0  0   2.35e-02
  0  0   2.33e-02
  0  0   2.32e-02
  0  0   2.31e-02
  0  0   2.37e-02
  0  0   2.55e-02
  0  0   2.84e-02
  0  0   3.03e-02
  0  0   2.97e-02
  0  0   2.66e-02
  0  0   2.21e-02
  0  0   1.80e-02
  2 10   2.43e-03
  0  0   2.43e-03
  0  0   2.43e-03
  0  0   2.43e-03
  0  0   2.43e-03
  0  0   2.44e-03
  0  0   2.44e-03
  0  0   2.45e-03
  0  0   2.46e-03
  0  0   2.48e-03
  0  0   2.52e-03
  0  0   2.57e-03
  0  0   2.65e-03
  0  0   2.78e-03
  0  0   3.01e-03
  0  0   3.40e-03
  0  0   4.10e-03
  0  0   4.94e-03
  0  0   5.38e-03
  0  0   5.17e-03
  0  0   4.57e-03
  0  0   3.89e-03
  0  0   3.29e-03
  3  4   2.32e+00
  0  0   2.32e+00
  0  0   2.32e+00
  0  0   2.32e+00
  0  0   2.32e+00
  0  0   2.32e+00
  0  0   2.32e+00
  0  0   2.32e+00
  0  0   2.31e+00
  0  0   2.30e+00
  0  0   2.29e+00
  0  0   2.27e+00
  0  0   2.23e+00
  0  0   2.18e+00
  0  0   2.10e+00
  0  0   1.96e+00
  0  0   1.75e+00
  0  0   1.49e+00
  0  0   1.27e+00
  0  0   1.08e+00
  0  0   8.94e-01
  0  0   7.20e-01
  0  0   5.81e-01
  3  5   2.68e-01
  0  0   2.68e-01
  0  0   2.68e-01
  0  0   2.68e-01
  0  0   2.67e-01
  0  0   2.67e-01
  0  0   2.67e-01
  0  0   2.66e-01
  0  0   2.65e-01
  0  0   2.63e-01
  0  0   2.60e-01
  0  0   2.55e-01
  0  0   2.48e-01
  0  0   2.38e-01
  0  0   2.25e-01
  0  0   2.11e-01
  0  0   1.98e-01
  0  0   1.89e-01
  0  0   1.79e-01
  0  0   1.64e-01
  0  0   1.40e-01
  0  0   1.11e-01
  0  0   8.69e-02
  3  6   9.47e-01
  0  0   9.47e-01
  0  0   9.47e-01
  0  0   9.47e-01
  0  0   9.47e-01
  0  0   9.48e-01
  0  0   9.48e-01
  0  0   9.48e-01
  0  0   9.48e-01
  0  0   9.49e-01
  0  0   9.50e-01
  0  0   9.51e-01
  0  0   9.54e-01
  0  0   9.58e-01
  0  0   9.64e-01
  0  0   9.74e-01
  0  0   9.85e-01
  0  0   9.99e-01
  0  0   1.03e+00
  0  0   1.08e+00
  0  0   1.17e+00
  0  0   1.30e+00
  0  0   1.44e+00
  3  7   7.57e-01
  0  0   7.57e-01
  0  0   7.57e-01
  0  0   7.57e-01
  0  0   7.57e-01
  0  0   7.57e-01
  0  0   7.57e-01
  0  0   7.57e-01
  0  0   7.57e-01
  0  0   7.58e-01
  0  0   7.58e-01
  0  0   7.59e-01
  0  0   7.61e-01
  0  0   7.63e-01
  0  0   7.67e-01
  0  0   7.73e-01
  0  0   7.80e-01
  0  0   7.90e-01
  0  0   8.08e-01
  0  0   8.48e-01
  0  0   9.17e-01
  0  0   1.01e+00
  0  0   1.12e+00
  3  8   1.23e+00
  0  0   1.23e+00
  0  0   1.23e+00
  0  0   1.23e+00
  0  0   1.23e+00
  0  0   1.23e+00
  0  0   1.23e+00
  0  0   1.23e+00
  0  0   1.23e+00
  0  0   1.23e+00
  0  0   1.23e+00
  0  0   1.23e+00
  0  0   1.23e+00
  0  0   1.23e+00
  0  0   1.24e+00
  0  0   1.25e+00
  0  0   1.25e+00
  0  0   1.27e+00
  0  0   1.29e+00
  0  0   1.36e+00
  0  0   1.47e+00
  0  0   1.62e+00
  0  0   1.81e+00
  3  9   7.63e-02
  0  0   7.63e-02
  0  0   7.63e-02
  0  0   7.63e-02
  0  0   7.62e-02
  0  0   7.61e-02
  0  0   7.60e-02
  0  0   7.58e-02
  0  0   7.55e-02
  0  0   7.50e-02
  0  0   7.43e-02
  0  0   7.32e-02
  0  0   7.17e-02
  0  0   6.99e-02
  0  0   6.87e-02
  0  0   7.01e-02
  0  0   7.70e-02
  0  0   8.64e-02
  0  0   9.07e-02
  0  0   8.78e-02
  0  0   7.99e-02
  0  0   6.75e-02
  0  0   5.23e-02
  3 10   5.92e-03
  0  0   5.92e-03
  0  0   5.93e-03
  0  0   5.94e-03
  0  0   5.95e-03
  0  0   5.98e-03
  0  0   6.01e-03
  0  0   6.07e-03
  0  0   6.17e-03
  0  0   6.31e-03
  0  0   6.54e-03
  0  0   6.88e-03
  0  0   7.39e-03
  0  0   8.14e-03
  0  0   9.17e-03
  0  0   1.06e-02
  0  0   1.23e-02
  0  0   1.45e-02
  0  0   1.62e-02
  0  0   1.58e-02
  0  0   1.36e-02
  0  0   1.16e-02
  0  0   1.01e-02
  4  5   4.44e-01
  0  0   4.44e-01
  0  0   4.44e-01
  0  0   4.44e-01
  0  0   4.43e-01
  0  0   4.43e-01
  0  0   4.42e-01
  0  0   4.41e-01
  0  0   4.39e-01
  0  0   4.35e-01
  0  0   4.31e-01
  0  0   4.23e-01
  0  0   4.12e-01
  0  0   3.97e-01
  0  0   3.76e-01
  0  0   3.53e-01
  0  0   3.29e-01
  0  0   3.13e-01
  0  0   3.01e-01
  0  0   2.74e-01
  0  0   2.30e-01
  0  0   1.85e-01
  0  0   1.49e-01
  4  6   1.93e-02
  0  0   1.93e-02
  0  0   1.93e-02
  0  0   1.92e-02
  0  0   1.92e-02
  0  0   1.92e-02
  0  0   1.92e-02
  0  0   1.91e-02
  0  0   1.90e-02
  0  0   1.89e-02
  0  0   1.87e-02
  0  0   1.83e-02
  0  0   1.79e-02
  0  0   1.72e-02
  0  0   1.65e-02
  0  0   1.60e-02
  0  0   1.62e-02
  0  0   1.72e-02
  0  0   1.84e-02
  0  0   1.85e-02
  0  0   1.68e-02
  0  0   1.41e-02
  0  0   1.17e-02
  4  7   1.23e+00
  0  0   1.23e+00
  0  0   1.23e+00
  0  0   1.23e+00
  0  0   1.23e+00
  0  0   1.23e+00
  0  0   1.23e+00
  0  0   1.23e+00
  0  0   1.23e+00
  0  0   1.23e+00
  0  0   1.23e+00
  0  0   1.23e+00
  0  0   1.23e+00
  0  0   1.24e+00
  0  0   1.24e+00
  0  0   1.25e+00
  0  0   1.27e+00
  0  0   1.29e+00
  0  0   1.34e+00
  0  0   1.40e+00
  0  0   1.48e+00
  0  0   1.58e+00
  0  0   1.72e+00
  4  8   3.65e+00
  0  0   3.65e+00
  0  0   3.65e+00
  0  0   3.65e+00
  0  0   3.65e+00
  0  0   3.65e+00
  0  0   3.65e+00
  0  0   3.65e+00
  0  0   3.65e+00
  0  0   3.65e+00
  0  0   3.65e+00
  0  0   3.66e+00
  0  0   3.66e+00
  0  0   3.68e+00
  0  0   3.69e+00
  0  0   3.71e+00
  0  0   3.74e+00
  0  0   3.80e+00
  0  0   3.92e+00
  0  0   4.11e+00
  0  0   4.40e+00
  0  0   4.79e+00
  0  0   5.25e+00
  4  9   1.23e-01
  0  0   1.23e-01
  0  0   1.23e-01
  0  0   1.23e-01
  0  0   1.23e-01
  0  0   1.23e-01
  0  0   1.23e-01
  0  0   1.22e-01
  0  0   1.22e-01
  0  0   1.21e-01
  0  0   1.21e-01
  0  0   1.19e-01
  0  0   1.17e-01
  0  0   1.15e-01
  0  0   1.14e-01
  0  0   1.17e-01
  0  0   1.29e-01
  0  0   1.44e-01
  0  0   1.51e-01
  0  0   1.46e-01
  0  0   1.33e-01
  0  0   1.12e-01
  0  0   8.70e-02
  4 10   1.30e-02
  0  0   1.30e-02
  0  0   1.30e-02
  0  0   1.30e-02
  0  0   1.30e-02
  0  0   1.30e-02
  0  0   1.31e-02
  0  0   1.31e-02
  0  0   1.31e-02
  0  0   1.32e-02
  0  0   1.32e-02
  0  0   1.34e-02
  0  0   1.36e-02
  0  0   1.40e-02
  0  0   1.49e-02
  0  0   1.69e-02
  0  0   2.06e-02
  0  0   2.48e-02
  0  0   2.68e-02
  0  0   2.58e-02
  0  0   2.30e-02
  0  0   1.96e-02
  0  0   1.68e-02
  5  6   6.41e-02
  0  0   6.40e-02
  0  0   6.40e-02
  0  0   6.39e-02
  0  0   6.38e-02
  0  0   6.35e-02
  0  0   6.32e-02
  0  0   6.27e-02
  0  0   6.18e-02
  0  0   6.06e-02
  0  0   5.87e-02
  0  0   5.59e-02
  0  0   5.21e-02
  0  0   4.71e-02
  0  0   4.13e-02
  0  0   3.52e-02
  0  0   3.02e-02
  0  0   2.68e-02
  0  0   2.40e-02
  0  0   2.09e-02
  0  0   1.78e-02
  0  0   1.46e-02
  0  0   1.13e-02
  5  7   1.93e-01
  0  0   1.92e-01
  0  0   1.92e-01
  0  0   1.92e-01
  0  0   1.92e-01
  0  0   1.91e-01
  0  0   1.90e-01
  0  0   1.88e-01
  0  0   1.86e-01
  0  0   1.82e-01
  0  0   1.76e-01
  0  0   1.68e-01
  0  0   1.56e-01
  0  0   1.41e-01
  0  0   1.24e-01
  0  0   1.06e-01
  0  0   9.06e-02
  0  0   8.03e-02
  0  0   7.20e-02
  0  0   6.27e-02
  0  0   5.34e-02
  0  0   4.41e-02
  0  0   3.42e-02
  5  8   3.21e-01
  0  0   3.21e-01
  0  0   3.21e-01
  0  0   3.21e-01
  0  0   3.20e-01
  0  0   3.19e-01
  0  0   3.17e-01
  0  0   3.14e-01
  0  0   3.10e-01
  0  0   3.04e-01
  0  0   2.94e-01
  0  0   2.80e-01
  0  0   2.61e-01
  0  0   2.36e-01
  0  0   2.06e-01
  0  0   1.76e-01
  0  0   1.51e-01
  0  0   1.34e-01
  0  0   1.20e-01
  0  0   1.04e-01
  0  0   8.89e-02
  0  0   7.34e-02
  0  0   5.70e-02
  5  9   5.05e+00
  0  0   5.05e+00
  0  0   5.05e+00
  0  0   5.05e+00
  0  0   5.05e+00
  0  0   5.05e+00
  0  0   5.05e+00
  0  0   5.05e+00
  0  0   5.05e+00
  0  0   5.06e+00
  0  0   5.06e+00
  0  0   5.06e+00
  0  0   5.07e+00
  0  0   5.08e+00
  0  0   5.08e+00
  0  0   5.09e+00
  0  0   5.08e+00
  0  0   5.06e+00
  0  0   5.08e+00
  0  0   5.36e+00
  0  0   6.16e+00
  0  0   7.55e+00
  0  0   9.28e+00
  5 10   1.63e+00
  0  0   1.63e+00
  0  0   1.63e+00
  0  0   1.63e+00
  0  0   1.63e+00
  0  0   1.63e+00
  0  0   1.63e+00
  0  0   1.63e+00
  0  0   1.63e+00
  0  0   1.63e+00
  0  0   1.64e+00
  0  0   1.64e+00
  0  0   1.65e+00
  0  0   1.66e+00
  0  0   1.68e+00
  0  0   1.70e+00
  0  0   1.72e+00
  0  0   1.75e+00
  0  0   1.80e+00
  0  0   1.91e+00
  0  0   2.09e+00
  0  0   2.34e+00
  0  0   2.63e+00
  6  7   2.29e-01
  0  0   2.29e-01
  0  0   2.29e-01
  0  0   2.29e-01
  0  0   2.28e-01
  0  0   2.28e-01
  0  0   2.28e-01
  0  0   2.27e-01
  0  0   2.26e-01
  0  0   2.24e-01
  0  0   2.22e-01
  0  0   2.18e-01
  0  0   2.12e-01
  0  0   2.04e-01
  0  0   1.93e-01
  0  0   1.83e-01
  0  0   1.78e-01
  0  0   1.84e-01
  0  0   1.95e-01
  0  0   1.98e-01
  0  0   1.85e-01
  0  0   1.57e-01
  0  0   1.28e-01
  6  8   1.17e-01
  0  0   1.17e-01
  0  0   1.17e-01
  0  0   1.17e-01
  0  0   1.17e-01
  0  0   1.17e-01
  0  0   1.17e-01
  0  0   1.16e-01
  0  0   1.16e-01
  0  0   1.15e-01
  0  0   1.14e-01
  0  0   1.13e-01
  0  0   1.11e-01
  0  0   1.08e-01
  0  0   1.05e-01
  0  0   1.02e-01
  0  0   1.03e-01
  0  0   1.12e-01
  0  0   1.24e-01
  0  0   1.30e-01
  0  0   1.26e-01
  0  0   1.12e-01
  0  0   9.67e-02
  6  9   9.65e-02
  0  0   9.65e-02
  0  0   9.65e-02
  0  0   9.65e-02
  0  0   9.65e-02
  0  0   9.64e-02
  0  0   9.64e-02
  0  0   9.63e-02
  0  0   9.61e-02
  0  0   9.59e-02
  0  0   9.55e-02
  0  0   9.49e-02
  0  0   9.40e-02
  0  0   9.27e-02
  0  0   9.11e-02
  0  0   8.95e-02
  0  0   8.92e-02
  0  0   9.10e-02
  0  0   9.23e-02
  0  0   8.87e-02
  0  0   7.92e-02
  0  0   6.62e-02
  0  0   5.33e-02
  6 10   1.14e-02
  0  0   1.14e-02
  0  0   1.14e-02
  0  0   1.14e-02
  0  0   1.14e-02
  0  0   1.14e-02
  0  0   1.14e-02
  0  0   1.13e-02
  0  0   1.13e-02
  0  0   1.13e-02
  0  0   1.12e-02
  0  0   1.11e-02
  0  0   1.10e-02
  0  0   1.09e-02
  0  0   1.08e-02
  0  0   1.11e-02
  0  0   1.21e-02
  0  0   1.38e-02
  0  0   1.47e-02
  0  0   1.40e-02
  0  0   1.21e-02
  0  0   9.63e-03
  0  0   7.45e-03
  7  8   5.49e-01
  0  0   5.49e-01
  0  0   5.49e-01
  0  0   5.49e-01
  0  0   5.48e-01
  0  0   5.48e-01
  0  0   5.47e-01
  0  0   5.46e-01
  0  0   5.44e-01
  0  0   5.40e-01
  0  0   5.35e-01
  0  0   5.27e-01
  0  0   5.15e-01
  0  0   4.99e-01
  0  0   4.78e-01
  0  0   4.58e-01
  0  0   4.56e-01
  0  0   4.83e-01
  0  0   5.22e-01
  0  0   5.40e-01
  0  0   5.15e-01
  0  0   4.51e-01
  0  0   3.79e-01
  7  9   2.92e-01
  0  0   2.92e-01
  0  0   2.92e-01
  0  0   2.92e-01
  0  0   2.92e-01
  0  0   2.92e-01
  0  0   2.92e-01
  0  0   2.91e-01
  0  0   2.91e-01
  0  0   2.90e-01
  0  0   2.89e-01
  0  0   2.86e-01
  0  0   2.83e-01
  0  0   2.79e-01
  0  0   2.73e-01
  0  0   2.68e-01
  0  0   2.68e-01
  0  0   2.73e-01
  0  0   2.77e-01
  0  0   2.66e-01
  0  0   2.38e-01
  0  0   1.98e-01
  0  0   1.59e-01
  7 10   3.39e-02
  0  0   3.39e-02
  0  0   3.39e-02
  0  0   3.39e-02
  0  0   3.39e-02
  0  0   3.39e-02
  0  0   3.39e-02
  0  0   3.38e-02
  0  0   3.37e-02
  0  0   3.36e-02
  0  0   3.35e-02
  0  0   3.32e-02
  0  0   3.29e-02
  0  0   3.25e-02
  0  0   3.23e-02
  0  0   3.32e-02
  0  0   3.64e-02
  0  0   4.13e-02
  0  0   4.40e-02
  0  0   4.20e-02
  0  0   3.61e-02
  0  0   2.88e-02
  0  0   2.23e-02
  8  9   4.91e-01
  0  0   4.91e-01
  0  0   4.90e-01
  0  0   4.90e-01
  0  0   4.90e-01
  0  0   4.90e-01
  0  0   4.89e-01
  0  0   4.89e-01
  0  0   4.88e-01
  0  0   4.86e-01
  0  0   4.83e-01
  0  0   4.79e-01
  0  0   4.73e-01
  0  0   4.65e-01
  0  0   4.55e-01
  0  0   4.47e-01
  0  0   4.47e-01
  0  0   4.54e-01
  0  0   4.62e-01
  0  0   4.46e-01
  0  0   3.95e-01
  0  0   3.29e-01
  0  0   2.71e-01
  8 10   5.69e-02
  0  0   5.69e-02
  0  0   5.69e-02
  0  0   5.69e-02
  0  0   5.68e-02
  0  0   5.68e-02
  0  0   5.68e-02
  0  0   5.67e-02
  0  0   5.66e-02
  0  0   5.64e-02
  0  0   5.60e-02
  0  0   5.56e-02
  0  0   5.50e-02
  0  0   5.43e-02
  0  0   5.39e-02
  0  0   5.52e-02
  0  0   6.07e-02
  0  0   6.88e-02
  0  0   7.33e-02
  0  0   7.00e-02
  0  0   6.03e-02
  0  0   4.81e-02
  0  0   3.71e-02
  9 10   1.55e-01
  0  0   1.55e-01
  0  0   1.55e-01
  0  0   1.55e-01
  0  0   1.55e-01
  0  0   1.55e-01
  0  0   1.55e-01
  0  0   1.55e-01
  0  0   1.56e-01
  0  0   1.56e-01
  0  0   1.57e-01
  0  0   1.58e-01
  0  0   1.59e-01
  0  0   1.62e-01
  0  0   1.65e-01
  0  0   1.70e-01
  0  0   1.77e-01
  0  0   1.86e-01
  0  0   1.92e-01
  0  0   1.96e-01
  0  0   2.02e-01
  0  0   2.25e-01
  0  0   2.90e-01
 0 0 0
  1  2   0.000e+00
  1  3   1.320e+04
  1  4   5.760e-02
  1  5   4.690e+09
  1  6   0.000e+00
  1  7   0.000e+00
  1  8   0.000e+00
  1  9   0.000e+00
  1 10   0.000e+00
  2  3   0.000e+00
  2  4   0.000e+00
  2  5   0.000e+00
  2  6   0.000e+00
  2  7   1.140e+09
  2  8   0.000e+00
  2  9   0.000e+00
  2 10   0.000e+00
  3  4   1.460e-03
  3  5   0.000e+00
  3  6   3.350e+09
  3  7   8.460e+08
  3  8   8.610e+08
  3  9   6.110e+04
  3 10   1.470e+05
  4  5   0.000e+00
  4  6   0.000e+00
  4  7   1.380e+09
  4  8   2.530e+09
  4  9   2.150e+06
  4 10   0.000e+00
  5  6   0.000e+00
  5  7   0.000e+00
  5  8   4.760e+04
  5  9   5.900e+08
  5 10   6.720e+09
  6  7   0.000e+00
  6  8   0.000e+00
  6  9   0.000e+00
  6 10   0.000e+00
  7  8   0.000e+00
  7  9   0.000e+00
  7 10   0.000e+00
  8  9   0.000e+00
  8 10   0.000e+00
  9 10   0.000e+00
  1  1        0.0
  2  1   111255.3
  3  3   111710.3
  4  5   112704.3
  5  3   214952.6
  6  1   289332.8
  7  3   289843.8
  8  5   290726.8
  9  5   317692.8
 10  1   398201.2
