 21
** Atomic data from version 5.2 of the CHIANTI database **
%observed energy levels: Edlen, B., 1983, Phys. Scr., 28, 51
%theoretical energy levels: Landi, E., 2005, A&A, 434, 365
%produced as part of the Arcetri/Cambridge/NRL 'CHIANTI' atomic data base collaboration
%
% E. Landi - Apr 2003
%observed energy levels: Edlen, B., 1983, Phys. Scr., 28, 51
%Radiative data transition within the ground configuration: Tachiev, G.I., Froese Fischer, C., 2002, A&A. 385, 716
%Radiative data 3-4 and 4-5 transitions: Froese Fischer, C., Saha, H.P., 1983, Phys. Rev. A., 28, 3169
%Radiative data allowed transitions: Landi, E. 2005, A&A, 434, 365
% Comment: A values for transitions 3-4 and 4-5 have been corrected to account for observed level energies.
%produced as part of the Arcetri/Cambridge/NRL 'CHIANTI' atomic data base collaboration
%
% E. Landi - Apr 2003

%filename: p_8.splups
%Oscillator strengths: Zhang, H.L., Sampson, D.H., 2002, ADNDT, 82, 357
%Collision strengths: Zhang, H.L., Sampson, D.H., 2002, ADNDT, 82, 357
%produced as part of the Arcetri/Cambridge/NRL 'CHIANTI' atomic data base collaboration
%
% Enrico Landi - Mar 2003
 5 23 0
  1  2s2.2p4 3P2
  2  2s2.2p4 3P1
  3  2s2.2p4 3P0
  4  2s2.2p4 1D2
  5  2s2.2p4 1S0
     100.0
     158.5
     251.2
     398.1
     631.0
    1000.0
    1584.9
    2511.9
    3981.1
    6309.6
   10000.0
   15848.9
   25118.9
   39810.7
   63095.8
  100000.0
  158489.2
  251188.7
  398107.1
  630957.6
 1000000.0
 1584892.5
 2511887.0
0
  1  2   2.68e-01
  0  0   2.68e-01
  0  0   2.68e-01
  0  0   2.68e-01
  0  0   2.68e-01
  0  0   2.68e-01
  0  0   2.68e-01
  0  0   2.68e-01
  0  0   2.68e-01
  0  0   2.68e-01
  0  0   2.68e-01
  0  0   2.67e-01
  0  0   2.67e-01
  0  0   2.66e-01
  0  0   2.64e-01
  0  0   2.62e-01
  0  0   2.58e-01
  0  0   2.52e-01
  0  0   2.44e-01
  0  0   2.32e-01
  0  0   2.16e-01
  0  0   1.97e-01
  0  0   1.77e-01
  1  3   5.46e-02
  0  0   5.46e-02
  0  0   5.46e-02
  0  0   5.46e-02
  0  0   5.46e-02
  0  0   5.46e-02
  0  0   5.46e-02
  0  0   5.45e-02
  0  0   5.45e-02
  0  0   5.45e-02
  0  0   5.45e-02
  0  0   5.44e-02
  0  0   5.43e-02
  0  0   5.41e-02
  0  0   5.39e-02
  0  0   5.35e-02
  0  0   5.29e-02
  0  0   5.20e-02
  0  0   5.08e-02
  0  0   4.90e-02
  0  0   4.67e-02
  0  0   4.43e-02
  0  0   4.20e-02
  1  4   3.32e-01
  0  0   3.32e-01
  0  0   3.32e-01
  0  0   3.32e-01
  0  0   3.32e-01
  0  0   3.32e-01
  0  0   3.32e-01
  0  0   3.32e-01
  0  0   3.32e-01
  0  0   3.32e-01
  0  0   3.31e-01
  0  0   3.30e-01
  0  0   3.29e-01
  0  0   3.28e-01
  0  0   3.25e-01
  0  0   3.22e-01
  0  0   3.16e-01
  0  0   3.06e-01
  0  0   2.93e-01
  0  0   2.73e-01
  0  0   2.48e-01
  0  0   2.16e-01
  0  0   1.83e-01
  1  5   4.81e-02
  0  0   4.81e-02
  0  0   4.81e-02
  0  0   4.81e-02
  0  0   4.81e-02
  0  0   4.81e-02
  0  0   4.81e-02
  0  0   4.81e-02
  0  0   4.80e-02
  0  0   4.80e-02
  0  0   4.79e-02
  0  0   4.78e-02
  0  0   4.76e-02
  0  0   4.74e-02
  0  0   4.70e-02
  0  0   4.63e-02
  0  0   4.53e-02
  0  0   4.39e-02
  0  0   4.17e-02
  0  0   3.87e-02
  0  0   3.47e-02
  0  0   3.00e-02
  0  0   2.49e-02
  2  3   1.18e-01
  0  0   1.18e-01
  0  0   1.18e-01
  0  0   1.18e-01
  0  0   1.18e-01
  0  0   1.18e-01
  0  0   1.18e-01
  0  0   1.18e-01
  0  0   1.18e-01
  0  0   1.18e-01
  0  0   1.17e-01
  0  0   1.17e-01
  0  0   1.17e-01
  0  0   1.16e-01
  0  0   1.16e-01
  0  0   1.14e-01
  0  0   1.12e-01
  0  0   1.09e-01
  0  0   1.05e-01
  0  0   9.86e-02
  0  0   8.98e-02
  0  0   7.91e-02
  0  0   6.72e-02
  2  4   2.12e-01
  0  0   2.12e-01
  0  0   2.12e-01
  0  0   2.12e-01
  0  0   2.12e-01
  0  0   2.12e-01
  0  0   2.12e-01
  0  0   2.12e-01
  0  0   2.12e-01
  0  0   2.12e-01
  0  0   2.11e-01
  0  0   2.11e-01
  0  0   2.10e-01
  0  0   2.09e-01
  0  0   2.08e-01
  0  0   2.05e-01
  0  0   2.01e-01
  0  0   1.95e-01
  0  0   1.87e-01
  0  0   1.74e-01
  0  0   1.58e-01
  0  0   1.38e-01
  0  0   1.16e-01
  2  5   3.29e-02
  0  0   3.29e-02
  0  0   3.29e-02
  0  0   3.29e-02
  0  0   3.29e-02
  0  0   3.29e-02
  0  0   3.29e-02
  0  0   3.29e-02
  0  0   3.29e-02
  0  0   3.28e-02
  0  0   3.28e-02
  0  0   3.27e-02
  0  0   3.26e-02
  0  0   3.24e-02
  0  0   3.21e-02
  0  0   3.17e-02
  0  0   3.11e-02
  0  0   3.01e-02
  0  0   2.86e-02
  0  0   2.65e-02
  0  0   2.38e-02
  0  0   2.05e-02
  0  0   1.71e-02
  3  4   7.21e-02
  0  0   7.21e-02
  0  0   7.21e-02
  0  0   7.21e-02
  0  0   7.21e-02
  0  0   7.20e-02
  0  0   7.20e-02
  0  0   7.20e-02
  0  0   7.20e-02
  0  0   7.19e-02
  0  0   7.18e-02
  0  0   7.17e-02
  0  0   7.15e-02
  0  0   7.11e-02
  0  0   7.05e-02
  0  0   6.97e-02
  0  0   6.83e-02
  0  0   6.63e-02
  0  0   6.34e-02
  0  0   5.92e-02
  0  0   5.36e-02
  0  0   4.69e-02
  0  0   3.95e-02
  3  5   1.12e-02
  0  0   1.12e-02
  0  0   1.12e-02
  0  0   1.12e-02
  0  0   1.12e-02
  0  0   1.12e-02
  0  0   1.12e-02
  0  0   1.12e-02
  0  0   1.12e-02
  0  0   1.12e-02
  0  0   1.11e-02
  0  0   1.11e-02
  0  0   1.11e-02
  0  0   1.10e-02
  0  0   1.09e-02
  0  0   1.08e-02
  0  0   1.06e-02
  0  0   1.02e-02
  0  0   9.71e-03
  0  0   9.00e-03
  0  0   8.07e-03
  0  0   6.97e-03
  0  0   5.79e-03
  4  5   7.63e-02
  0  0   7.63e-02
  0  0   7.63e-02
  0  0   7.63e-02
  0  0   7.63e-02
  0  0   7.63e-02
  0  0   7.63e-02
  0  0   7.63e-02
  0  0   7.63e-02
  0  0   7.63e-02
  0  0   7.64e-02
  0  0   7.64e-02
  0  0   7.65e-02
  0  0   7.65e-02
  0  0   7.67e-02
  0  0   7.69e-02
  0  0   7.73e-02
  0  0   7.79e-02
  0  0   7.87e-02
  0  0   8.00e-02
  0  0   8.20e-02
  0  0   8.49e-02
  0  0   8.91e-02
 0 0 0
  1  2   4.245e+00
  1  3   7.492e-05
  1  4   2.853e+01
  1  5   1.854e-01
  2  3   4.463e-01
  2  4   6.749e+00
  2  5   3.192e+02
  3  4   4.110e-04
  3  5   0.000e+00
  4  5   6.757e+00
  1  5        0.0
  2  3     5748.0
  3  1     7817.0
  4  5    52256.0
  5  1   110799.0
