 18
** Atomic data from version 5.2 of the CHIANTI database **
%observed energy levels: Edlen, B., 1983, Phys. Scr., 28, 51
%theoretical energy levels: Landi, E. 2005, A&A, 434, 365
%produced as part of the Arcetri/Cambridge/NRL 'CHIANTI' atomic data base collaboration
%
% E. Landi - Apr 2003
%observed energy levels: Edlen, B., 1983, Phys. Scr., 28, 51
%A values and oscillator strengths: Landi, E. 2005, A&A, 434, 365
%produced as part of the Arcetri/Cambridge/NRL 'CHIANTI' atomic data base collaboration
%
% E. Landi - Apr 2003

%filename: ti_15.splups
%Oscillator strengths: Zhang, H.L., Sampson, D.H., 2002, ADNDT, 82, 357
%Collision strengths: Zhang, H.L., Sampson, D.H., 2002, ADNDT, 82, 357
%produced as part of the Arcetri/Cambridge/NRL 'CHIANTI' atomic data base collaboration
%
% Enrico Landi - Mar 2003
 5 23 0
  1  2s2.2p4 3P2
  2  2s2.2p4 3P1
  3  2s2.2p4 3P0
  4  2s2.2p4 1D2
  5  2s2.2p4 1S0
     100.0
     158.5
     251.2
     398.1
     631.0
    1000.0
    1584.9
    2511.9
    3981.1
    6309.6
   10000.0
   15848.9
   25118.9
   39810.7
   63095.8
  100000.0
  158489.2
  251188.7
  398107.1
  630957.6
 1000000.0
 1584892.5
 2511887.0
0
  1  2   8.15e-02
  0  0   8.15e-02
  0  0   8.15e-02
  0  0   8.15e-02
  0  0   8.15e-02
  0  0   8.15e-02
  0  0   8.15e-02
  0  0   8.15e-02
  0  0   8.15e-02
  0  0   8.14e-02
  0  0   8.14e-02
  0  0   8.14e-02
  0  0   8.13e-02
  0  0   8.12e-02
  0  0   8.10e-02
  0  0   8.07e-02
  0  0   8.03e-02
  0  0   7.97e-02
  0  0   7.87e-02
  0  0   7.71e-02
  0  0   7.49e-02
  0  0   7.17e-02
  0  0   6.75e-02
  1  3   2.04e-02
  0  0   2.04e-02
  0  0   2.04e-02
  0  0   2.04e-02
  0  0   2.04e-02
  0  0   2.04e-02
  0  0   2.04e-02
  0  0   2.04e-02
  0  0   2.04e-02
  0  0   2.04e-02
  0  0   2.04e-02
  0  0   2.04e-02
  0  0   2.04e-02
  0  0   2.04e-02
  0  0   2.04e-02
  0  0   2.03e-02
  0  0   2.03e-02
  0  0   2.02e-02
  0  0   2.00e-02
  0  0   1.98e-02
  0  0   1.95e-02
  0  0   1.90e-02
  0  0   1.83e-02
  1  4   9.61e-02
  0  0   9.61e-02
  0  0   9.61e-02
  0  0   9.61e-02
  0  0   9.61e-02
  0  0   9.61e-02
  0  0   9.61e-02
  0  0   9.61e-02
  0  0   9.61e-02
  0  0   9.61e-02
  0  0   9.60e-02
  0  0   9.60e-02
  0  0   9.59e-02
  0  0   9.57e-02
  0  0   9.55e-02
  0  0   9.51e-02
  0  0   9.45e-02
  0  0   9.35e-02
  0  0   9.20e-02
  0  0   8.97e-02
  0  0   8.63e-02
  0  0   8.14e-02
  0  0   7.48e-02
  1  5   1.02e-02
  0  0   1.02e-02
  0  0   1.02e-02
  0  0   1.02e-02
  0  0   1.02e-02
  0  0   1.02e-02
  0  0   1.02e-02
  0  0   1.02e-02
  0  0   1.02e-02
  0  0   1.02e-02
  0  0   1.02e-02
  0  0   1.02e-02
  0  0   1.02e-02
  0  0   1.01e-02
  0  0   1.01e-02
  0  0   1.01e-02
  0  0   9.97e-03
  0  0   9.85e-03
  0  0   9.66e-03
  0  0   9.38e-03
  0  0   8.95e-03
  0  0   8.35e-03
  0  0   7.55e-03
  2  3   3.29e-02
  0  0   3.29e-02
  0  0   3.29e-02
  0  0   3.29e-02
  0  0   3.29e-02
  0  0   3.29e-02
  0  0   3.29e-02
  0  0   3.29e-02
  0  0   3.28e-02
  0  0   3.28e-02
  0  0   3.28e-02
  0  0   3.28e-02
  0  0   3.28e-02
  0  0   3.27e-02
  0  0   3.26e-02
  0  0   3.25e-02
  0  0   3.23e-02
  0  0   3.19e-02
  0  0   3.14e-02
  0  0   3.06e-02
  0  0   2.94e-02
  0  0   2.77e-02
  0  0   2.54e-02
  2  4   7.11e-02
  0  0   7.11e-02
  0  0   7.11e-02
  0  0   7.11e-02
  0  0   7.11e-02
  0  0   7.11e-02
  0  0   7.10e-02
  0  0   7.10e-02
  0  0   7.10e-02
  0  0   7.10e-02
  0  0   7.10e-02
  0  0   7.09e-02
  0  0   7.08e-02
  0  0   7.07e-02
  0  0   7.05e-02
  0  0   7.02e-02
  0  0   6.97e-02
  0  0   6.89e-02
  0  0   6.77e-02
  0  0   6.58e-02
  0  0   6.31e-02
  0  0   5.91e-02
  0  0   5.39e-02
  2  5   1.30e-02
  0  0   1.30e-02
  0  0   1.30e-02
  0  0   1.30e-02
  0  0   1.30e-02
  0  0   1.30e-02
  0  0   1.30e-02
  0  0   1.30e-02
  0  0   1.30e-02
  0  0   1.30e-02
  0  0   1.30e-02
  0  0   1.30e-02
  0  0   1.29e-02
  0  0   1.29e-02
  0  0   1.29e-02
  0  0   1.28e-02
  0  0   1.27e-02
  0  0   1.26e-02
  0  0   1.23e-02
  0  0   1.20e-02
  0  0   1.14e-02
  0  0   1.07e-02
  0  0   9.67e-03
  3  4   2.25e-02
  0  0   2.25e-02
  0  0   2.25e-02
  0  0   2.25e-02
  0  0   2.25e-02
  0  0   2.25e-02
  0  0   2.25e-02
  0  0   2.25e-02
  0  0   2.25e-02
  0  0   2.25e-02
  0  0   2.25e-02
  0  0   2.24e-02
  0  0   2.24e-02
  0  0   2.24e-02
  0  0   2.23e-02
  0  0   2.22e-02
  0  0   2.21e-02
  0  0   2.19e-02
  0  0   2.15e-02
  0  0   2.10e-02
  0  0   2.02e-02
  0  0   1.91e-02
  0  0   1.75e-02
  3  5   3.37e-03
  0  0   3.37e-03
  0  0   3.37e-03
  0  0   3.37e-03
  0  0   3.37e-03
  0  0   3.37e-03
  0  0   3.37e-03
  0  0   3.37e-03
  0  0   3.37e-03
  0  0   3.37e-03
  0  0   3.37e-03
  0  0   3.37e-03
  0  0   3.36e-03
  0  0   3.35e-03
  0  0   3.34e-03
  0  0   3.32e-03
  0  0   3.30e-03
  0  0   3.25e-03
  0  0   3.18e-03
  0  0   3.08e-03
  0  0   2.93e-03
  0  0   2.72e-03
  0  0   2.45e-03
  4  5   3.27e-02
  0  0   3.27e-02
  0  0   3.27e-02
  0  0   3.27e-02
  0  0   3.27e-02
  0  0   3.27e-02
  0  0   3.27e-02
  0  0   3.27e-02
  0  0   3.27e-02
  0  0   3.27e-02
  0  0   3.27e-02
  0  0   3.27e-02
  0  0   3.27e-02
  0  0   3.27e-02
  0  0   3.27e-02
  0  0   3.28e-02
  0  0   3.28e-02
  0  0   3.28e-02
  0  0   3.29e-02
  0  0   3.30e-02
  0  0   3.32e-02
  0  0   3.35e-02
  0  0   3.39e-02
 0 0 0
  1  2   1.300e+03
  1  3   5.557e-02
  1  4   2.271e+03
  1  5   2.831e+00
  2  3   1.386e+00
  2  4   2.067e+02
  2  5   2.306e+04
  3  4   1.011e-02
  3  5   0.000e+00
  4  5   1.790e+01
  1  5        0.0
  2  3    39277.0
  3  1    42309.0
  4  5   108717.0
  5  1   215509.0
