 20
** Atomic data from version 5.2 of the CHIANTI database **
%observed energy levels : Edlen,B., 1983, Ph. Scr. 28, 483
%theoretical energy levels: Zhang, Sampson, 1994, ADNDT, 56, 41.
% Produced as part of the Arcetri/Cambridge/NRL 'CHIANTI' atomic data base collaboration
%
% Enrico Landi 1999
%observed energy levels : Edlen,B., 1983, Ph. Scr. 28, 483
%Allowed transitions oscillator strengths: Zhang, Sampson, 1994, ADNDT, 56, 41
%intercombination transitions oscillator strengths: Zhang, Sampson, 1994, ADNDT, 56, 41
%Forbidden transition 1-2: Bhatia, Feldman, Seely, 1986, ADNDT, 35, 319
%produced as part of the Arcetri/Cambridge/NRL 'CHIANTI' atomic data base collaboration
%
%  Enrico Landi - 1999

%filename: ti_18.splups
%oscillator strengths: Zhang, Sampson, 1994, ADNDT, 56, 41
%collision strengths: Zhang, Sampson, 1994, ADNDT, 56, 41
%produced as part of the Arcetri/Cambridge/NRL 'CHIANTI' atomic data base collaboration
%
% Enrico Landi 1997
 5 23 0
  1  2s2.2p 2P1/2
  2  2s2.2p 2P3/2
  3  2s.2p2 4P1/2
  4  2s.2p2 4P3/2
  5  2s.2p2 4P5/2
     100.0
     158.5
     251.2
     398.1
     631.0
    1000.0
    1584.9
    2511.9
    3981.1
    6309.6
   10000.0
   15848.9
   25118.9
   39810.7
   63095.8
  100000.0
  158489.2
  251188.7
  398107.1
  630957.6
 1000000.0
 1584892.5
 2511887.0
0
  1  2   5.16e-02
  0  0   5.16e-02
  0  0   5.16e-02
  0  0   5.16e-02
  0  0   5.16e-02
  0  0   5.16e-02
  0  0   5.16e-02
  0  0   5.16e-02
  0  0   5.16e-02
  0  0   5.16e-02
  0  0   5.15e-02
  0  0   5.15e-02
  0  0   5.15e-02
  0  0   5.15e-02
  0  0   5.14e-02
  0  0   5.13e-02
  0  0   5.11e-02
  0  0   5.08e-02
  0  0   5.04e-02
  0  0   4.97e-02
  0  0   4.87e-02
  0  0   4.72e-02
  0  0   4.51e-02
  1  3   8.85e-03
  0  0   8.85e-03
  0  0   8.85e-03
  0  0   8.85e-03
  0  0   8.85e-03
  0  0   8.85e-03
  0  0   8.85e-03
  0  0   8.85e-03
  0  0   8.85e-03
  0  0   8.85e-03
  0  0   8.85e-03
  0  0   8.85e-03
  0  0   8.85e-03
  0  0   8.84e-03
  0  0   8.84e-03
  0  0   8.83e-03
  0  0   8.82e-03
  0  0   8.80e-03
  0  0   8.77e-03
  0  0   8.73e-03
  0  0   8.65e-03
  0  0   8.55e-03
  0  0   8.39e-03
  1  4   8.28e-03
  0  0   8.28e-03
  0  0   8.28e-03
  0  0   8.28e-03
  0  0   8.28e-03
  0  0   8.28e-03
  0  0   8.28e-03
  0  0   8.28e-03
  0  0   8.28e-03
  0  0   8.28e-03
  0  0   8.27e-03
  0  0   8.27e-03
  0  0   8.26e-03
  0  0   8.26e-03
  0  0   8.24e-03
  0  0   8.22e-03
  0  0   8.18e-03
  0  0   8.13e-03
  0  0   8.04e-03
  0  0   7.91e-03
  0  0   7.71e-03
  0  0   7.40e-03
  0  0   6.97e-03
  1  5   6.14e-03
  0  0   6.14e-03
  0  0   6.14e-03
  0  0   6.14e-03
  0  0   6.14e-03
  0  0   6.14e-03
  0  0   6.14e-03
  0  0   6.14e-03
  0  0   6.14e-03
  0  0   6.14e-03
  0  0   6.14e-03
  0  0   6.13e-03
  0  0   6.13e-03
  0  0   6.12e-03
  0  0   6.11e-03
  0  0   6.09e-03
  0  0   6.07e-03
  0  0   6.02e-03
  0  0   5.96e-03
  0  0   5.85e-03
  0  0   5.70e-03
  0  0   5.46e-03
  0  0   5.13e-03
  2  3   5.11e-03
  0  0   5.11e-03
  0  0   5.11e-03
  0  0   5.11e-03
  0  0   5.11e-03
  0  0   5.11e-03
  0  0   5.11e-03
  0  0   5.11e-03
  0  0   5.11e-03
  0  0   5.11e-03
  0  0   5.11e-03
  0  0   5.11e-03
  0  0   5.10e-03
  0  0   5.10e-03
  0  0   5.10e-03
  0  0   5.10e-03
  0  0   5.09e-03
  0  0   5.08e-03
  0  0   5.07e-03
  0  0   5.05e-03
  0  0   5.02e-03
  0  0   4.97e-03
  0  0   4.89e-03
  2  4   1.07e-02
  0  0   1.07e-02
  0  0   1.07e-02
  0  0   1.07e-02
  0  0   1.07e-02
  0  0   1.07e-02
  0  0   1.07e-02
  0  0   1.07e-02
  0  0   1.07e-02
  0  0   1.07e-02
  0  0   1.07e-02
  0  0   1.07e-02
  0  0   1.07e-02
  0  0   1.07e-02
  0  0   1.07e-02
  0  0   1.06e-02
  0  0   1.06e-02
  0  0   1.05e-02
  0  0   1.05e-02
  0  0   1.03e-02
  0  0   1.01e-02
  0  0   9.80e-03
  0  0   9.35e-03
  2  5   2.77e-02
  0  0   2.77e-02
  0  0   2.77e-02
  0  0   2.77e-02
  0  0   2.77e-02
  0  0   2.77e-02
  0  0   2.77e-02
  0  0   2.77e-02
  0  0   2.77e-02
  0  0   2.77e-02
  0  0   2.77e-02
  0  0   2.77e-02
  0  0   2.77e-02
  0  0   2.77e-02
  0  0   2.76e-02
  0  0   2.76e-02
  0  0   2.76e-02
  0  0   2.75e-02
  0  0   2.74e-02
  0  0   2.72e-02
  0  0   2.69e-02
  0  0   2.64e-02
  0  0   2.57e-02
  3  4   4.48e-02
  0  0   4.48e-02
  0  0   4.48e-02
  0  0   4.48e-02
  0  0   4.48e-02
  0  0   4.48e-02
  0  0   4.48e-02
  0  0   4.48e-02
  0  0   4.48e-02
  0  0   4.48e-02
  0  0   4.47e-02
  0  0   4.47e-02
  0  0   4.47e-02
  0  0   4.46e-02
  0  0   4.45e-02
  0  0   4.44e-02
  0  0   4.42e-02
  0  0   4.38e-02
  0  0   4.32e-02
  0  0   4.24e-02
  0  0   4.10e-02
  0  0   3.91e-02
  0  0   3.64e-02
  3  5   2.77e-02
  0  0   2.77e-02
  0  0   2.77e-02
  0  0   2.77e-02
  0  0   2.77e-02
  0  0   2.77e-02
  0  0   2.77e-02
  0  0   2.77e-02
  0  0   2.77e-02
  0  0   2.77e-02
  0  0   2.77e-02
  0  0   2.77e-02
  0  0   2.77e-02
  0  0   2.77e-02
  0  0   2.77e-02
  0  0   2.77e-02
  0  0   2.76e-02
  0  0   2.75e-02
  0  0   2.74e-02
  0  0   2.73e-02
  0  0   2.70e-02
  0  0   2.66e-02
  0  0   2.60e-02
  4  5   8.09e-02
  0  0   8.09e-02
  0  0   8.09e-02
  0  0   8.09e-02
  0  0   8.09e-02
  0  0   8.09e-02
  0  0   8.09e-02
  0  0   8.09e-02
  0  0   8.09e-02
  0  0   8.09e-02
  0  0   8.09e-02
  0  0   8.08e-02
  0  0   8.08e-02
  0  0   8.07e-02
  0  0   8.06e-02
  0  0   8.04e-02
  0  0   8.01e-02
  0  0   7.96e-02
  0  0   7.88e-02
  0  0   7.76e-02
  0  0   7.58e-02
  0  0   7.32e-02
  0  0   6.95e-02
 0 0 0
  1  2   1.608e+03
  1  3   1.714e+07
  1  4   4.049e+05
  1  5   0.000e+00
  2  3   6.137e+06
  2  4   2.240e+06
  2  5   1.372e+07
  3  4   0.000e+00
  3  5   0.000e+00
  4  5   0.000e+00
  1  2        0.0
  2  4    56240.0
  3  2   309494.0
  4  4   332976.0
  5  6   360386.0
