 21
** Atomic data from version 5.2 of the CHIANTI database **
%Observed energy levels: Edlen B., 1985, Phisica scripta, 31, 345.
%Theoretical energy levels: Bhatia, A.K., Seely, J.F., Feldman, U., 1987, ADNDT, 36, 453
% produced as part of the Arcetri/Cambridge/NRL 'CHIANTI' atomic data base collaboration
%
% Enrico Landi 2000
%observed energy levels: Edlen, B., 1985, Phys. Scr., 31, 345.
%Forbidden transitions: Bhatia, A.K., Seely, J.F., Feldman, U., 1987, ADNDT, 36, 453
%Allowed transitions oscillator strengths: Zhang, Sampson, 1996, ADNDT, 63, 275
% produced as part of the Arcetri/Cambridge/NRL 'CHIANTI' atomic data base collaboration
%
%   Enrico Landi - 2000

%filename: zn_25.splups
%oscillator strengths (levels 1 - 20): Zhang, Sampson, 1996, ADNDT, 63, 275
%oscillator strengths (levels 20 - 46): Bhatia, A.K., Seely, J.F., Feldman, U., 1987, ADNDT, 36, 453
%collision strengths (levels 1 - 20): Zhang, Sampson, 1996, ADNDT, 63, 275
%collision strengths (levels 20 - 46): Bhatia, A.K., Seely, J.F., Feldman, U., 1987, ADNDT, 36, 453
%produced as part of the Arcetri/Cambridge/NRL 'CHIANTI' atomic data base collaboration
%
% Enrico Landi 1997
 6 23 0
  1  2s2.2p2 3P0
  2  2s2.2p2 3P1
  3  2s2.2p2 3P2
  4  2s2.2p2 1D2
  5  2s2.2p2 1S0
  6  2s.2p3 5S2
     100.0
     158.5
     251.2
     398.1
     631.0
    1000.0
    1584.9
    2511.9
    3981.1
    6309.6
   10000.0
   15848.9
   25118.9
   39810.7
   63095.8
  100000.0
  158489.2
  251188.7
  398107.1
  630957.6
 1000000.0
 1584892.5
 2511887.0
0
  1  2   1.21e-02
  0  0   1.21e-02
  0  0   1.21e-02
  0  0   1.21e-02
  0  0   1.21e-02
  0  0   1.21e-02
  0  0   1.21e-02
  0  0   1.21e-02
  0  0   1.21e-02
  0  0   1.21e-02
  0  0   1.21e-02
  0  0   1.21e-02
  0  0   1.20e-02
  0  0   1.20e-02
  0  0   1.19e-02
  0  0   1.19e-02
  0  0   1.17e-02
  0  0   1.15e-02
  0  0   1.13e-02
  0  0   1.09e-02
  0  0   1.03e-02
  0  0   9.78e-03
  0  0   9.45e-03
  1  3   1.79e-02
  0  0   1.79e-02
  0  0   1.79e-02
  0  0   1.79e-02
  0  0   1.79e-02
  0  0   1.79e-02
  0  0   1.79e-02
  0  0   1.79e-02
  0  0   1.79e-02
  0  0   1.79e-02
  0  0   1.79e-02
  0  0   1.79e-02
  0  0   1.78e-02
  0  0   1.78e-02
  0  0   1.77e-02
  0  0   1.76e-02
  0  0   1.75e-02
  0  0   1.73e-02
  0  0   1.70e-02
  0  0   1.65e-02
  0  0   1.58e-02
  0  0   1.50e-02
  0  0   1.43e-02
  1  4   9.25e-04
  0  0   9.25e-04
  0  0   9.25e-04
  0  0   9.25e-04
  0  0   9.25e-04
  0  0   9.25e-04
  0  0   9.25e-04
  0  0   9.25e-04
  0  0   9.25e-04
  0  0   9.25e-04
  0  0   9.24e-04
  0  0   9.24e-04
  0  0   9.23e-04
  0  0   9.22e-04
  0  0   9.21e-04
  0  0   9.18e-04
  0  0   9.14e-04
  0  0   9.08e-04
  0  0   8.99e-04
  0  0   8.86e-04
  0  0   8.66e-04
  0  0   8.36e-04
  0  0   7.95e-04
  1  5   1.31e-04
  0  0   1.31e-04
  0  0   1.31e-04
  0  0   1.31e-04
  0  0   1.31e-04
  0  0   1.31e-04
  0  0   1.31e-04
  0  0   1.31e-04
  0  0   1.31e-04
  0  0   1.31e-04
  0  0   1.31e-04
  0  0   1.31e-04
  0  0   1.31e-04
  0  0   1.31e-04
  0  0   1.31e-04
  0  0   1.30e-04
  0  0   1.30e-04
  0  0   1.29e-04
  0  0   1.28e-04
  0  0   1.27e-04
  0  0   1.25e-04
  0  0   1.21e-04
  0  0   1.17e-04
  1  6   2.78e-03
  0  0   2.78e-03
  0  0   2.78e-03
  0  0   2.78e-03
  0  0   2.78e-03
  0  0   2.78e-03
  0  0   2.78e-03
  0  0   2.78e-03
  0  0   2.78e-03
  0  0   2.78e-03
  0  0   2.78e-03
  0  0   2.78e-03
  0  0   2.77e-03
  0  0   2.77e-03
  0  0   2.76e-03
  0  0   2.75e-03
  0  0   2.74e-03
  0  0   2.72e-03
  0  0   2.68e-03
  0  0   2.63e-03
  0  0   2.55e-03
  0  0   2.45e-03
  0  0   2.31e-03
  2  3   4.74e-02
  0  0   4.74e-02
  0  0   4.74e-02
  0  0   4.74e-02
  0  0   4.74e-02
  0  0   4.74e-02
  0  0   4.74e-02
  0  0   4.73e-02
  0  0   4.73e-02
  0  0   4.72e-02
  0  0   4.72e-02
  0  0   4.70e-02
  0  0   4.68e-02
  0  0   4.65e-02
  0  0   4.59e-02
  0  0   4.52e-02
  0  0   4.40e-02
  0  0   4.24e-02
  0  0   4.01e-02
  0  0   3.80e-02
  0  0   3.67e-02
  0  0   3.44e-02
  0  0   2.95e-02
  2  4   2.10e-02
  0  0   2.10e-02
  0  0   2.10e-02
  0  0   2.10e-02
  0  0   2.10e-02
  0  0   2.10e-02
  0  0   2.10e-02
  0  0   2.10e-02
  0  0   2.10e-02
  0  0   2.10e-02
  0  0   2.10e-02
  0  0   2.10e-02
  0  0   2.09e-02
  0  0   2.09e-02
  0  0   2.08e-02
  0  0   2.08e-02
  0  0   2.06e-02
  0  0   2.04e-02
  0  0   2.01e-02
  0  0   1.96e-02
  0  0   1.90e-02
  0  0   1.80e-02
  0  0   1.71e-02
  2  5   2.80e-03
  0  0   2.80e-03
  0  0   2.80e-03
  0  0   2.80e-03
  0  0   2.80e-03
  0  0   2.80e-03
  0  0   2.80e-03
  0  0   2.80e-03
  0  0   2.80e-03
  0  0   2.80e-03
  0  0   2.80e-03
  0  0   2.80e-03
  0  0   2.79e-03
  0  0   2.79e-03
  0  0   2.79e-03
  0  0   2.78e-03
  0  0   2.77e-03
  0  0   2.75e-03
  0  0   2.72e-03
  0  0   2.68e-03
  0  0   2.62e-03
  0  0   2.53e-03
  0  0   2.40e-03
  2  6   9.61e-03
  0  0   9.61e-03
  0  0   9.61e-03
  0  0   9.61e-03
  0  0   9.61e-03
  0  0   9.61e-03
  0  0   9.62e-03
  0  0   9.62e-03
  0  0   9.63e-03
  0  0   9.64e-03
  0  0   9.65e-03
  0  0   9.67e-03
  0  0   9.71e-03
  0  0   9.77e-03
  0  0   9.86e-03
  0  0   1.00e-02
  0  0   1.02e-02
  0  0   1.05e-02
  0  0   1.10e-02
  0  0   1.17e-02
  0  0   1.27e-02
  0  0   1.39e-02
  0  0   1.55e-02
  3  4   7.13e-02
  0  0   7.13e-02
  0  0   7.13e-02
  0  0   7.13e-02
  0  0   7.13e-02
  0  0   7.13e-02
  0  0   7.13e-02
  0  0   7.12e-02
  0  0   7.12e-02
  0  0   7.12e-02
  0  0   7.11e-02
  0  0   7.09e-02
  0  0   7.07e-02
  0  0   7.04e-02
  0  0   6.99e-02
  0  0   6.91e-02
  0  0   6.80e-02
  0  0   6.63e-02
  0  0   6.39e-02
  0  0   6.07e-02
  0  0   5.68e-02
  0  0   5.36e-02
  0  0   5.11e-02
  3  5   9.41e-03
  0  0   9.41e-03
  0  0   9.41e-03
  0  0   9.41e-03
  0  0   9.41e-03
  0  0   9.41e-03
  0  0   9.41e-03
  0  0   9.41e-03
  0  0   9.40e-03
  0  0   9.40e-03
  0  0   9.39e-03
  0  0   9.38e-03
  0  0   9.37e-03
  0  0   9.34e-03
  0  0   9.30e-03
  0  0   9.24e-03
  0  0   9.15e-03
  0  0   9.00e-03
  0  0   8.79e-03
  0  0   8.50e-03
  0  0   8.09e-03
  0  0   7.59e-03
  0  0   7.13e-03
  3  6   1.16e-02
  0  0   1.16e-02
  0  0   1.16e-02
  0  0   1.16e-02
  0  0   1.16e-02
  0  0   1.16e-02
  0  0   1.16e-02
  0  0   1.16e-02
  0  0   1.16e-02
  0  0   1.16e-02
  0  0   1.16e-02
  0  0   1.17e-02
  0  0   1.17e-02
  0  0   1.18e-02
  0  0   1.19e-02
  0  0   1.20e-02
  0  0   1.23e-02
  0  0   1.26e-02
  0  0   1.31e-02
  0  0   1.39e-02
  0  0   1.48e-02
  0  0   1.60e-02
  0  0   1.74e-02
  4  5   3.51e-02
  0  0   3.51e-02
  0  0   3.51e-02
  0  0   3.51e-02
  0  0   3.51e-02
  0  0   3.51e-02
  0  0   3.51e-02
  0  0   3.51e-02
  0  0   3.50e-02
  0  0   3.50e-02
  0  0   3.49e-02
  0  0   3.49e-02
  0  0   3.47e-02
  0  0   3.45e-02
  0  0   3.42e-02
  0  0   3.37e-02
  0  0   3.29e-02
  0  0   3.19e-02
  0  0   3.04e-02
  0  0   2.86e-02
  0  0   2.68e-02
  0  0   2.56e-02
  0  0   2.36e-02
  4  6   2.64e-03
  0  0   2.64e-03
  0  0   2.64e-03
  0  0   2.64e-03
  0  0   2.64e-03
  0  0   2.64e-03
  0  0   2.64e-03
  0  0   2.64e-03
  0  0   2.65e-03
  0  0   2.65e-03
  0  0   2.66e-03
  0  0   2.67e-03
  0  0   2.68e-03
  0  0   2.71e-03
  0  0   2.75e-03
  0  0   2.81e-03
  0  0   2.89e-03
  0  0   3.02e-03
  0  0   3.19e-03
  0  0   3.41e-03
  0  0   3.67e-03
  0  0   3.97e-03
  0  0   4.29e-03
  5  6   1.15e-05
  0  0   1.15e-05
  0  0   1.15e-05
  0  0   1.15e-05
  0  0   1.15e-05
  0  0   1.15e-05
  0  0   1.15e-05
  0  0   1.15e-05
  0  0   1.15e-05
  0  0   1.15e-05
  0  0   1.14e-05
  0  0   1.14e-05
  0  0   1.13e-05
  0  0   1.12e-05
  0  0   1.11e-05
  0  0   1.09e-05
  0  0   1.06e-05
  0  0   1.02e-05
  0  0   9.63e-06
  0  0   9.04e-06
  0  0   8.58e-06
  0  0   8.14e-06
  0  0   7.25e-06
 0 0 0
  1  2   5.900e+04
  1  3   1.010e+01
  1  4   9.510e-01
  1  5   0.000e+00
  1  6   0.000e+00
  2  3   1.990e+03
  2  4   9.910e+04
  2  5   5.920e+05
  2  6   1.794e+08
  3  4   8.760e+04
  3  5   2.690e+02
  3  6   1.178e+08
  4  5   1.420e+01
  4  6   4.330e+06
  5  6   0.000e+00
  1  1        0.0
  2  3   157717.0
  3  5   218009.0
  4  5   429317.0
  5  1   582277.0
  6  5   704942.0
