 18
** Atomic data from version 5.2 of the CHIANTI database **
%observed energy levels: Edlen, B., 1983, Phys. Scr., 28, 51
%theoretical energy levels: Landi, E. 2005, A&A, 434, 365
%produced as part of the Arcetri/Cambridge/NRL 'CHIANTI' atomic data base collaboration
%
% E. Landi - May 2004
%observed energy levels: Edlen, B., 1983, Phys. Scr., 28, 51
%A values and oscillator strengths: Landi, E. 2005, A&A, 434, 365
%produced as part of the Arcetri/Cambridge/NRL 'CHIANTI' atomic data base collaboration
%
% E. Landi - May 2004

%filename: zn_23.splups
%Oscillator strengths: Zhang, H.L., Sampson, D.H., 2002, ADNDT, 82, 357
%Collision strengths: Zhang, H.L., Sampson, D.H., 2002, ADNDT, 82, 357
%produced as part of the Arcetri/Cambridge/NRL 'CHIANTI' atomic data base collaboration
%
% Enrico Landi - Mar 2003
 5 23 0
  1  2s2.2p4 3P2
  2  2s2.2p4 3P0
  3  2s2.2p4 3P1
  4  2s2.2p4 1D2
  5  2s2.2p4 1S0
     100.0
     158.5
     251.2
     398.1
     631.0
    1000.0
    1584.9
    2511.9
    3981.1
    6309.6
   10000.0
   15848.9
   25118.9
   39810.7
   63095.8
  100000.0
  158489.2
  251188.7
  398107.1
  630957.6
 1000000.0
 1584892.5
 2511887.0
0
  1  2   1.22e-02
  0  0   1.22e-02
  0  0   1.22e-02
  0  0   1.22e-02
  0  0   1.22e-02
  0  0   1.22e-02
  0  0   1.22e-02
  0  0   1.22e-02
  0  0   1.22e-02
  0  0   1.22e-02
  0  0   1.22e-02
  0  0   1.22e-02
  0  0   1.22e-02
  0  0   1.22e-02
  0  0   1.22e-02
  0  0   1.22e-02
  0  0   1.22e-02
  0  0   1.21e-02
  0  0   1.21e-02
  0  0   1.20e-02
  0  0   1.19e-02
  0  0   1.18e-02
  0  0   1.15e-02
  1  3   3.27e-02
  0  0   3.27e-02
  0  0   3.27e-02
  0  0   3.27e-02
  0  0   3.27e-02
  0  0   3.27e-02
  0  0   3.27e-02
  0  0   3.27e-02
  0  0   3.27e-02
  0  0   3.27e-02
  0  0   3.27e-02
  0  0   3.27e-02
  0  0   3.27e-02
  0  0   3.27e-02
  0  0   3.26e-02
  0  0   3.26e-02
  0  0   3.25e-02
  0  0   3.24e-02
  0  0   3.22e-02
  0  0   3.19e-02
  0  0   3.15e-02
  0  0   3.08e-02
  0  0   2.98e-02
  1  4   4.16e-02
  0  0   4.16e-02
  0  0   4.16e-02
  0  0   4.16e-02
  0  0   4.16e-02
  0  0   4.16e-02
  0  0   4.16e-02
  0  0   4.16e-02
  0  0   4.16e-02
  0  0   4.16e-02
  0  0   4.16e-02
  0  0   4.16e-02
  0  0   4.16e-02
  0  0   4.15e-02
  0  0   4.15e-02
  0  0   4.14e-02
  0  0   4.13e-02
  0  0   4.12e-02
  0  0   4.09e-02
  0  0   4.05e-02
  0  0   3.99e-02
  0  0   3.90e-02
  0  0   3.77e-02
  1  5   1.41e-03
  0  0   1.41e-03
  0  0   1.41e-03
  0  0   1.41e-03
  0  0   1.41e-03
  0  0   1.41e-03
  0  0   1.41e-03
  0  0   1.41e-03
  0  0   1.41e-03
  0  0   1.41e-03
  0  0   1.41e-03
  0  0   1.41e-03
  0  0   1.41e-03
  0  0   1.41e-03
  0  0   1.41e-03
  0  0   1.40e-03
  0  0   1.40e-03
  0  0   1.39e-03
  0  0   1.38e-03
  0  0   1.36e-03
  0  0   1.33e-03
  0  0   1.28e-03
  0  0   1.22e-03
  2  3   1.03e-02
  0  0   1.03e-02
  0  0   1.03e-02
  0  0   1.03e-02
  0  0   1.03e-02
  0  0   1.03e-02
  0  0   1.03e-02
  0  0   1.03e-02
  0  0   1.03e-02
  0  0   1.03e-02
  0  0   1.03e-02
  0  0   1.03e-02
  0  0   1.03e-02
  0  0   1.03e-02
  0  0   1.03e-02
  0  0   1.03e-02
  0  0   1.02e-02
  0  0   1.02e-02
  0  0   1.01e-02
  0  0   9.99e-03
  0  0   9.80e-03
  0  0   9.51e-03
  0  0   9.09e-03
  2  4   9.18e-03
  0  0   9.18e-03
  0  0   9.18e-03
  0  0   9.18e-03
  0  0   9.18e-03
  0  0   9.18e-03
  0  0   9.18e-03
  0  0   9.18e-03
  0  0   9.18e-03
  0  0   9.18e-03
  0  0   9.18e-03
  0  0   9.18e-03
  0  0   9.17e-03
  0  0   9.17e-03
  0  0   9.16e-03
  0  0   9.15e-03
  0  0   9.13e-03
  0  0   9.09e-03
  0  0   9.04e-03
  0  0   8.97e-03
  0  0   8.84e-03
  0  0   8.66e-03
  0  0   8.40e-03
  2  5   5.48e-04
  0  0   5.48e-04
  0  0   5.48e-04
  0  0   5.48e-04
  0  0   5.48e-04
  0  0   5.48e-04
  0  0   5.48e-04
  0  0   5.48e-04
  0  0   5.48e-04
  0  0   5.48e-04
  0  0   5.47e-04
  0  0   5.47e-04
  0  0   5.47e-04
  0  0   5.46e-04
  0  0   5.46e-04
  0  0   5.44e-04
  0  0   5.42e-04
  0  0   5.39e-04
  0  0   5.34e-04
  0  0   5.27e-04
  0  0   5.15e-04
  0  0   4.97e-04
  0  0   4.72e-04
  3  4   3.27e-02
  0  0   3.27e-02
  0  0   3.27e-02
  0  0   3.27e-02
  0  0   3.27e-02
  0  0   3.27e-02
  0  0   3.27e-02
  0  0   3.27e-02
  0  0   3.27e-02
  0  0   3.27e-02
  0  0   3.27e-02
  0  0   3.26e-02
  0  0   3.26e-02
  0  0   3.26e-02
  0  0   3.26e-02
  0  0   3.25e-02
  0  0   3.24e-02
  0  0   3.23e-02
  0  0   3.20e-02
  0  0   3.16e-02
  0  0   3.11e-02
  0  0   3.02e-02
  0  0   2.89e-02
  3  5   9.10e-03
  0  0   9.10e-03
  0  0   9.10e-03
  0  0   9.10e-03
  0  0   9.10e-03
  0  0   9.10e-03
  0  0   9.10e-03
  0  0   9.10e-03
  0  0   9.10e-03
  0  0   9.09e-03
  0  0   9.09e-03
  0  0   9.09e-03
  0  0   9.09e-03
  0  0   9.08e-03
  0  0   9.07e-03
  0  0   9.05e-03
  0  0   9.02e-03
  0  0   8.97e-03
  0  0   8.90e-03
  0  0   8.78e-03
  0  0   8.61e-03
  0  0   8.34e-03
  0  0   7.94e-03
  4  5   1.67e-02
  0  0   1.67e-02
  0  0   1.67e-02
  0  0   1.67e-02
  0  0   1.67e-02
  0  0   1.67e-02
  0  0   1.67e-02
  0  0   1.67e-02
  0  0   1.67e-02
  0  0   1.67e-02
  0  0   1.67e-02
  0  0   1.67e-02
  0  0   1.67e-02
  0  0   1.67e-02
  0  0   1.67e-02
  0  0   1.67e-02
  0  0   1.67e-02
  0  0   1.67e-02
  0  0   1.67e-02
  0  0   1.67e-02
  0  0   1.67e-02
  0  0   1.66e-02
  0  0   1.66e-02
 0 0 0
  1  2   1.943e+00
  1  3   1.103e+05
  1  4   9.588e+04
  1  5   1.565e+01
  2  3   3.863e+03
  2  4   8.726e-01
  2  5   0.000e+00
  3  4   1.339e+03
  3  5   6.731e+05
  4  5   2.086e+02
  1  5        0.0
  2  1   110437.0
  3  3   178973.0
  4  5   267325.0
  5  1   512557.0
